0.84860262347385 0.11763061289865
0.843569210620779 0.0842328060503579
0.863430754113342 0.0729767234059829
0.832447647268191 0.0132514417039393
0.771439575566872 0.115815073229579
0.29477213575588 0.110744712249076
0.34344459423724 0.0952092277462611
0.65279574846914 0.0856622071821629
0.860386664239123 0.0564538254158918
0.489149644220371 0.0809901466324404
0.831761374897473 0.139037073284261
0.940098399339564 0.142046502569464
0.804319245159953 0.134383876576724
0.615997153201131 0.101802091527009
0.134480970461332 0.0987774664997255
0.817009035361514 0.0867424927902712
0.1970862284257 0.126213240965366
0.752142917106222 0.0762508272686172
0.0836297782689124 0.0805858378677148
0.632499518193835 0.137770294661827
0.631696445788918 0.041733945604542
0.794875238914762 0.10223748909315
0.693433663321639 0.100878194682785
0.806793251821791 0.0797051689184418
0.826905155719902 0.0550998561316258
0.354318689025379 0.100028143192238
0.848674790791596 0.0543536110398436
0.759962423264242 0.116903205527394
0.763015232917632 0.133513466109342
0.93825296895689 0.0197952569368489
0.952732811045325 0.137851329229501
0.556297825515806 0.0388676393460382
0.957778091248726 0.0326655768147618
0.79038278834843 0.136814210037185
0.748710100734502 0.127513731463657
0.722891460419286 0.0355776660795215
0.585601270529136 0.128115555926659
0.17187626853649 0.118008984092815
0.111070734119274 0.10633107344609
0.800238317967111 0.0846422751295163
0.344738566991337 0.0972076278174917
0.258293978299175 0.138368953544682
0.675308151115015 0.0394575831914263
0.976251300557992 0.112794421617988
0.948240919791442 0.0823126901378038
0.786386714044555 0.141524238362436
0.933283648021134 0.140633521080665
0.842940932078405 0.111867108933747
0.805605867534364 0.123215112644889
0.284018050197307 0.126729419310157
0.872964649350773 0.118956018605928
0.852874719574758 0.112445548912233
0.726936480723321 0.124943678107527
0.727040862694116 0.0524959458752262
0.162270747641458 0.12128785882118
0.823189124617823 0.109342415893931
0.913444211426065 0.117706471539323
0.251904899307811 0.120711332643972
0.916767921486167 0.0676072946172261
0.585820844408628 0.141726782483156
0.668961675012367 0.138167995531278
0.87513593737693 0.0131750914928363
0.73801996817004 0.0132514417039393
0.868412586616875 0.0631927698296884
0.846433635285613 0.0552080152390361
0.837075333137043 0.111995575229815
0.851286579980195 0.0761879200290786
0.832952917244713 0.0994184848249618
0.606804518885662 0.0732979762304546
0.90277903672648 0.0968968771220852
0.85179560204052 0.0432711065688542
0.81210782953683 0.0413382536631261
0.893005721928523 0.0775010826597368
0.252578593278427 0.0555391362244297
0.938009250408538 0.0448805345047408
0.830593699620908 0.118680989745817
0.918529948749406 0.0709369804302365
0.584279531364825 0.0923242175380379
0.492232844845322 0.138212138010837
0.896059978754075 0.129578239829914
0.960193224625115 0.0968573097456061
0.965031955226713 0.0843464321183982
0.96659196556205 0.0876676887610088
0.846886408580157 0.0334116477325313
0.781170363327232 0.112737015143941
0.225303237980577 0.0197952569368489
0.880228182031025 0.0794632252596375
0.614379520829567 0.24465399583457
0.775929949896802 0.281454886378565
0.597200495478327 0.240128877395563
0.617628524618933 0.157961077752537
0.795455874448102 0.171364683693075
0.796430496015942 0.228582659853326
0.585637801926093 0.277776214213377
0.344383006396947 0.275071490871058
0.601500603556274 0.211692961813705
0.935794590758009 0.210582944139358
0.962140201211446 0.244859292676282
0.83284620413206 0.261250250474011
0.80083454757316 0.207122874663679
0.276630268981137 0.170039538837558
0.297840041528281 0.212972273168353
0.832744610355734 0.199389159634969
0.412164023658518 0.1512555167477
0.821866486361476 0.143992322851767
0.202180206481531 0.245395447547102
0.713245831853631 0.252712083432681
0.486386482916845 0.27815009917495
0.937144460297093 0.203315163411566
0.815292886422399 0.227676722412617
0.946711243016804 0.280695352013363
0.698292555903559 0.207001025768104
0.790006491813497 0.254841131389539
0.107567067396758 0.25297272169314
0.91312072250627 0.269842235020289
0.64350416050328 0.197601906958497
0.804236457709032 0.19003962212837
0.224057848261746 0.275766497092429
0.883147157205363 0.257301268711564
0.934733442942611 0.268835809928883
0.889160885244094 0.160851662823314
0.606908779454257 0.17656341553016
0.923737137493537 0.177800101278357
0.127372803228478 0.208696181741654
0.904708330411674 0.263452997816355
0.726213753408744 0.224842840163237
0.88569260249347 0.160300698944025
0.74563571051485 0.244897045116471
0.773858679938521 0.152537367339802
0.670194696095053 0.196728794112755
0.231600244143911 0.159335038616038
0.595252198888636 0.217307881555932
0.858544806473135 0.244477296316763
0.493896270127815 0.203405278695619
0.652784527896007 0.250698361773041
0.648560448467366 0.245581849263588
0.710723240343407 0.267488161315799
0.757993165495385 0.182785382475571
0.254716659926456 0.274780485869876
0.804693253913921 0.249821417968666
0.578048437077061 0.254276164769175
0.922017709782865 0.142906294352314
0.740020802546562 0.228421945570398
0.854981737612056 0.146415130144796
0.945599594359877 0.177203571726334
0.887112557703204 0.150499712088392
0.461889131173741 0.283176135179332
0.107149640130587 0.195134972396121
0.73915806920826 0.264748598727047
0.580674742216382 0.147275773078965
0.877148989600216 0.270077917605058
0.540184207608308 0.233409043842835
0.97632273331847 0.170301013057901
0.467547658073059 0.206366776476086
0.537118497794068 0.26332085230402
0.306235502709067 0.182041366109708
0.563252994923759 0.232710387373353
0.836092264853826 0.216340720932677
0.911821369875698 0.19606783711094
0.7257606610869 0.186424443055273
0.913467189994287 0.190154129700819
0.794929984167956 0.188721880780359
0.0772818171111495 0.163012194499295
0.92100534039688 0.178544450979519
0.261730125444273 0.154393297390105
0.686981633432951 0.257267151421752
0.754502715522406 0.217799058390025
0.870862597078828 0.247762546222826
0.684359619393513 0.212143609226319
0.875247173218401 0.266780347739669
0.886345027388013 0.27192936500832
0.630656773089643 0.156137368343397
0.186541932995342 0.221366865770778
0.800847551826834 0.144173686997957
0.937470762136825 0.164998925847673
0.94973768431255 0.151616273644887
0.725990641077516 0.22571394899409
0.855997831521728 0.254192343405167
0.422649143432216 0.259746849279745
0.700677144154069 0.230917299100894
0.782854825148748 0.18859977004404
0.472785141383328 0.22273165437776
0.86834693078378 0.152714334397451
0.0902002615337422 0.24392260415652
0.934641414409553 0.283503789118546
0.897724028459355 0.209006399126684
0.772157386727617 0.251891256600301
0.846031004200563 0.222611699244048
0.461100891959235 0.22976728619608
0.902006249029776 0.214514232689697
0.653941306973971 0.171518308940515
0.969394172824239 0.201778495826578
0.869855313332815 0.22277751255886
0.821970755427106 0.225825512785271
0.953453995282914 0.226975155887035
0.879396980746005 0.223830874820285
0.369917457844116 0.216243757968484
0.903637329500027 0.166974085583533
0.950334580427276 0.256825103188087
0.656420986528266 0.202005994427417
0.55947326431183 0.169458660933957
0.431545421358871 0.25315233285527
0.926171174517137 0.166602873823424
0.547245919130431 0.194653789378785
0.833432247164388 0.21886711763435
0.726706391385441 0.211182052236772
0.718925970034267 0.17668224058303
0.327532384177555 0.264303300937029
0.79368104374081 0.199759481020673
0.621775232046412 0.214242390392292
0.873060967174948 0.181696829755777
0.598519796355711 0.151601282396876
0.857702392986075 0.201593795704729
0.397612325889651 0.285071218408963
0.885955570829662 0.220330520154917
0.911584786196278 0.261370473211948
0.829229921362685 0.168961382103768
0.847265557318757 0.269573330660644
0.804011838192476 0.204344229590366
0.20757957411853 0.268436688357059
0.757082527912372 0.259884340305142
0.875669920831177 0.256202298997332
0.19626679275056 0.19995335959377
0.90139979901882 0.222249781849474
0.97348089341793 0.267418542684297
0.219781760429325 0.148093175748181
0.289981942511987 0.253133520748532
0.765230046772128 0.274914906694567
0.84721028199625 0.166501520212374
0.889284049178196 0.184390912146232
0.882856454588937 0.283452107234285
0.447571381756229 0.170462476575366
0.874756787634294 0.236769362907642
0.894599049663236 0.27776068365223
0.569716832823587 0.268070318927627
0.511141902958789 0.155179001443707
0.686217650280888 0.19964514005028
0.639973146677347 0.253437203099483
0.804292785549789 0.279392992142737
0.94367834028109 0.191694455292525
0.88755712442129 0.19618388817287
0.772884230238749 0.218331986433286
0.851622527091265 0.263294727821596
0.184261427535234 0.263180912868241
0.488050143361833 0.160049841285816
0.474538468215669 0.16307033359463
0.536359986223381 0.231929666204666
0.837521765490704 0.196032718922281
0.2879391245928 0.281614781442562
0.681180773357744 0.220108478562188
0.840169416238666 0.192509269205091
0.763748166678232 0.181253617794765
0.930277388625321 0.259588578337144
0.815534340614206 0.271667885852857
0.804648779009415 0.206984776259688
0.566913105562698 0.271675768784662
0.768485703917788 0.282342605367401
0.400291992953089 0.159411983905195
0.665389354300979 0.172696084883149
0.919431814497373 0.260149493868823
0.849273919950608 0.276459994099752
0.771780046882912 0.240669945223218
0.871899357859413 0.213881909999057
0.474730975358944 0.207001025768104
0.0701857242940466 0.222769722730003
0.890806389326123 0.183425353531638
0.918897862342904 0.184338302132894
0.682574072209168 0.279813020887922
0.553812239632834 0.161691440090881
0.969459009409722 0.227013400417439
0.945599594359877 0.176482260800905
0.841913349231364 0.275700067560718
0.692266608873567 0.187763130344952
0.9554097747024 0.255507543754036
0.852164731060846 0.273801690785318
0.941116650804745 0.238456409127796
0.678659043156315 0.247083877028551
0.0624273106190256 0.17620073496354
0.922921306962628 0.249174212344758
0.706351132718043 0.25896757187725
0.803326084033812 0.181746444460805
0.924282433223071 0.225437286244064
0.797037148044382 0.224906323327509
0.641192492561151 0.164200970773771
0.786135248529094 0.155664115640676
0.903692331227885 0.194436250151992
0.915732738197719 0.226145294004101
0.873148981709829 0.247454639099482
0.921082561551604 0.248463028997535
0.962815363530972 0.26924871810596
0.70414920837485 0.229318590989568
0.754091938450625 0.284077228468813
0.706526273954645 0.153627706745932
0.180674623053496 0.244574047715816
0.917519206323585 0.233337663494935
0.783657729055113 0.22423516302165
0.617403734961576 0.255510795793504
0.905301817943666 0.252470899984335
0.736282652968557 0.208351976902418
0.807332364301486 0.24927098061511
0.848016759498838 0.266672884066608
0.409290770140709 0.148029937713398
0.958798605235819 0.257592885234389
0.586535579616741 0.201059372516417
0.546616897348391 0.182596854803398
0.914251559062882 0.257988434642447
0.477043109285417 0.169458660933957
0.499721888974221 0.164863120285677
0.53944749072299 0.223570904417819
0.823231426998579 0.260045607466895
0.841882867547194 0.158168678427783
0.492567572639012 0.27850002652613
0.606794791046591 0.2828696578343
0.544642748644482 0.1843670441805
0.506170044792864 0.204911139656479
0.775593636072989 0.15708047983295
0.819511912908194 0.166602873823424
0.808873772050852 0.235142892538839
0.86990492697802 0.277928825701208
0.760133393204163 0.245624069152824
0.756402221856599 0.221155325554166
0.228018859268459 0.175990206170596
0.477392442934876 0.150218758283716
0.877113867241497 0.161155655191599
0.961661274694875 0.279939466178826
0.94320287651052 0.208798516498421
0.965421765481187 0.203405278695619
0.168527453491181 0.25330410348715
0.885866710700489 0.247785597751124
0.80469594992289 0.254332434843583
0.946909682800864 0.210579370633395
0.817708836507036 0.269535178055657
0.924363685942948 0.270946481451031
0.928722184081002 0.238721634387153
0.884407776632007 0.270578561494299
0.502875292725866 0.267381807929293
0.264705965454633 0.207930597502243
0.885495379832813 0.225825512785271
0.881297254815748 0.168428222080782
0.694949040049609 0.210342159256494
0.557109311818386 0.270310932524299
0.879142227855257 0.249354536162862
0.88938773987818 0.230520259413681
0.493900558093764 0.264666881622128
0.303406344665034 0.240444294394291
0.590950269943811 0.269797467734736
0.613474531509933 0.260876884261206
0.915213901411237 0.147109146783451
0.344383006396947 0.148549104521719
0.794932780603698 0.238341210839838
0.269705925729531 0.26536264582997
0.894781872893053 0.172798423639365
0.630882362809288 0.233896765771935
0.967896866698056 0.28353003461052
0.390609038062294 0.203210299393059
0.556431027479883 0.232269518818106
0.861238299141209 0.268070318927627
0.900933463646587 0.197274739815373
0.484735547085209 0.158479190997604
0.659490738968146 0.215987831074812
0.718978141931316 0.281860508463092
0.942607122429649 0.234885791613271
0.537277519680793 0.254511570611519
0.44646450872797 0.2291246040275
0.783065134895071 0.197962781093816
0.885860533871473 0.271573471471732
0.65591534518399 0.262249514289054
0.520831672847671 0.269275903057017
0.556104872327645 0.178716846390509
0.610948905337828 0.277203603053776
0.816112236345842 0.216856846518732
0.628966803573286 0.172818668246052
0.664378864650872 0.221368356937301
0.580643679667805 0.205995214568433
0.875193116070079 0.152259381348488
0.768059642288968 0.218331986433286
0.878495889253773 0.194027583833733
0.972652756619672 0.155872400410243
0.949891994599651 0.253078194330424
0.445193699107343 0.189561797380464
0.894398347884646 0.270424520571548
0.34084459805259 0.259746849279745
0.779053877659356 0.148030727618643
0.918211690973765 0.208987609881397
0.431585425589467 0.192263011723728
0.80469594992289 0.209501712926118
0.600711441718353 0.244658210035713
0.536979275490189 0.173933560695232
0.415234253823758 0.167660853047716
0.731134018533987 0.169848379971638
0.81191667760706 0.153003186016353
0.803190192056016 0.160816302664635
0.350396256870101 0.280865753938285
0.50407547352949 0.155385298604922
0.302404690182369 0.195124203485211
0.745934502445086 0.174989274986379
0.822538152044662 0.218209951901486
0.236592757068866 0.198562671722225
0.962815363530972 0.237427738962857
0.770704571471701 0.267213996979987
0.938664298062222 0.215107685496278
0.733601590888795 0.240061281312273
0.499739268926914 0.273518125316745
0.823937324956947 0.254051295031952
0.314129076700457 0.252503514465444
0.957159555477858 0.268332831971356
0.874579450918607 0.221333391428285
0.424915889729135 0.218790600856712
0.440006138678683 0.197825732651202
0.868178752129654 0.278297185915722
0.360217680100099 0.158539595728882
0.518206982430285 0.245149981155144
0.577333334852206 0.20606678355743
0.870322094940735 0.247050806918005
0.827673141013097 0.175594301736693
0.778301268628219 0.18155933921951
0.8059528429536 0.196491026477878
0.865127064819362 0.15109364729691
0.860906147891752 0.217347986350474
0.93974322515584 0.171364683693075
0.8960524069522 0.26001269553353
0.362286236012178 0.202853265952127
0.586214410912849 0.22001042838442
0.588790473687484 0.197825732651202
0.324376084743677 0.236895365320591
0.894799243327719 0.224769749279815
0.916787204513203 0.19834369854406
0.723466376005837 0.172682709732189
0.131290940505006 0.274239586781728
0.965170382208376 0.270262867841716
0.776915484915083 0.222056766814217
0.899849183931305 0.275486846887602
0.887724556723483 0.223142179164982
0.838230228743792 0.267166171644955
0.74814663215236 0.360733527408159
0.88719871238141 0.39350398026864
0.780412209212714 0.406062211949707
0.94926719974192 0.33736036363963
0.498957494327624 0.408914718272227
0.956458209702842 0.424620146883101
0.777386043818736 0.323160584823143
0.849580591548541 0.398923423767628
0.364079885064708 0.390897379257586
0.613113447956497 0.384665233330589
0.424049801736684 0.425956151115248
0.556315446059809 0.380548733515983
0.543839363022073 0.337415296434293
0.774626770218459 0.290361514651618
0.732825481293831 0.357019671471369
0.554648844425013 0.377176428781072
0.855441788011274 0.358155867972577
0.877999490708133 0.425884069004473
0.689531786403923 0.367791356498768
0.408510555826629 0.330836435571681
0.702018682741957 0.330532133315113
0.948414127174579 0.354995124278987
0.696896127483379 0.332469914886417
0.873901570567426 0.409676568883588
0.738784717733572 0.354864257713251
0.928003835039576 0.354741393954891
0.925453098489927 0.423743297898602
0.952443996223236 0.32534274760808
0.927205256044855 0.36074400757763
0.643269022727542 0.31362811620944
0.808457694593932 0.376541897476388
0.871305193955931 0.408333680118343
0.463210193623732 0.350069877088117
0.516048391290948 0.319909960738723
0.217076052490667 0.414772111841963
0.878239910769893 0.313797024536821
0.853136790255872 0.387444030281233
0.760124674316175 0.370132249561057
0.190089811660301 0.357923222660718
0.850159809980146 0.367185878885896
0.921246032052326 0.319874546441834
0.907304493815777 0.383444235093078
0.610036507022236 0.416688018163338
0.808818207566901 0.42155031006136
0.424711503689865 0.409091308779762
0.913797688324338 0.378360220724865
0.811203015526123 0.310461921643409
0.889531199961708 0.350128332481798
0.30920819829765 0.384745305556609
0.337870153492765 0.316518460061187
0.867860990128334 0.341888973596277
0.79151168677897 0.36351496858105
0.6818232429149 0.296864671360428
0.0692708954949347 0.323511973943376
0.629340036632936 0.290562229151867
0.930401006450426 0.386018318554309
0.8265104046083 0.31120638162111
0.639993291187285 0.328336995669036
0.850891805316713 0.420414004860383
0.97689855187806 0.291149941145367
0.980806604452607 0.330103555145003
0.496615704650602 0.310261561095053
0.764522482528796 0.298364354854161
0.847418378087896 0.387769106723282
0.874489689615392 0.293644567093319
0.592911394610103 0.412214885709911
0.328251696234992 0.376223115439907
0.520903936826716 0.341471822490008
0.88924044915915 0.301400292353723
0.826630359006003 0.353564276243223
0.87337877374404 0.345342374817286
0.152275267041017 0.292723960064483
0.855223200412764 0.398453883999689
0.934876041198116 0.373392129472919
0.605555424579465 0.392835679857707
0.847886645483909 0.375929346063682
0.661886919588066 0.420563180600054
0.819519515421736 0.34748167390671
0.876261309421818 0.314978676862082
0.834596951616579 0.383840768954631
0.420575484656248 0.408312196699029
0.991679713034897 0.3881453665541
0.60135678146202 0.298999657815937
0.370915932672073 0.416831429568569
0.572189843047917 0.35993813409307
0.98561412053142 0.290833968173427
0.938066562701389 0.351674145281548
0.185976071297059 0.370855057653464
0.925699704931819 0.296403603266597
0.937118809274067 0.426295128666627
0.803929623189653 0.392559516675156
0.800786130659152 0.388024500623873
0.933402740345095 0.396317895638442
0.729619132610966 0.391990782739985
0.98114725201275 0.299554113439567
0.861353669225632 0.387918152871172
0.612538282406448 0.311860661975452
0.665039827894351 0.325628454743568
0.663707703885663 0.384668274549044
0.788869967954569 0.400847671206512
0.867128604007704 0.295946269093629
0.279881683831509 0.379086473600137
0.767537054084166 0.400814118888222
0.896249053909048 0.361443521787788
0.785568147617475 0.358001960388725
0.775639792314508 0.331631109859892
0.179871124179775 0.37763886205054
0.684804128200089 0.397461816094068
0.47020314822468 0.337636438638319
0.671639462515927 0.391605106158076
0.747099482601768 0.296354918498831
0.976114755312997 0.39662122936969
0.606160875803193 0.304328024920243
0.92259604458039 0.362649261082756
0.633496731787655 0.418044477908803
0.713619879726664 0.338072393853004
0.759313381409996 0.422803300942803
0.609899231272934 0.420224681777873
0.638732953176174 0.411760744165775
0.881484727509027 0.420675037179616
0.974791827142321 0.302962121974866
0.757788999879045 0.301568543683857
0.798211757027774 0.418430089564048
0.912015143696767 0.367453338908392
0.907688300294481 0.325639213634098
0.594003936629416 0.364488036010162
0.257977010690763 0.351114932310352
0.241597454611536 0.396188656804712
0.298031633920382 0.390455118361659
0.904058098406232 0.363828218624004
0.958957368585261 0.427178985765001
0.373028363794731 0.415702527493118
0.797080772558887 0.31664906015995
0.526448807885173 0.40481642687965
0.883876473593426 0.32950477741429
0.793563096579903 0.337644510839409
0.939413919090194 0.324608379566708
0.935368272153131 0.388574224695257
0.920679278087415 0.419278348852128
0.858554075302793 0.321773349796425
0.930664459828676 0.423654478688233
0.419335695627028 0.371696129229024
0.25939757113621 0.298464654732497
0.396241452407799 0.323772609930045
0.770253862589742 0.377241055871263
0.488035182587311 0.297934413571794
0.905043408786016 0.311644856091471
0.814167168052603 0.361550708733296
0.564999044406529 0.305605468436965
0.907830345635776 0.291612003010254
0.848905583093918 0.301495193941524
0.484173973232066 0.410451858999373
0.496440974714492 0.36242453534895
0.6413156761363 0.406424170210289
0.760589664127015 0.370268613709767
0.909751546159594 0.384179190118653
0.827728400420899 0.40763157030333
0.95087280061638 0.307497254719956
0.178917206894025 0.336555329594564
0.964358081441238 0.343974495275901
0.262881176313038 0.331468270126465
0.488401855425044 0.317365303410321
0.117611127672459 0.372139417221429
0.971230599503705 0.302064482434454
0.824284898069845 0.337360346006012
0.769931132913728 0.312808142650245
0.93378131799897 0.383156916500342
0.918324321140651 0.421896988719342
0.913886777801284 0.349702427135806
0.705730276857494 0.347904747018588
0.955122643617579 0.330521485600561
0.907060749148347 0.320522091266816
0.617620983529124 0.418060904734186
0.958957368585261 0.413665794712347
0.947843889161154 0.298642504082558
0.860984516267022 0.340086361083413
0.855033531155781 0.327579793056632
0.897063855108123 0.42562490153374
0.793689849278674 0.299157846098366
0.0971397433254998 0.402969546105447
0.437343381937982 0.34628596890141
0.564454361728789 0.360382988466253
0.982056634082445 0.396142554192587
0.80443365401692 0.386147107603266
0.826539834500499 0.309546889337768
0.973094535212208 0.312152594395744
0.610347339020839 0.346567865738456
0.922783504580123 0.400108763253729
0.822824393960091 0.379812308396455
0.959812855429566 0.37799943105534
0.721811591852302 0.287126388627993
0.281872036277881 0.366142112243874
0.785267616551851 0.329260314641293
0.489741201390226 0.387646488496395
0.519487103030151 0.319681126149018
0.90631293944235 0.402200250974602
0.85068998581887 0.396269670500949
0.924642743023564 0.405401465410659
0.405302262462593 0.378771440151471
0.398261422887507 0.365262844839954
0.0821106229628402 0.306698920252508
0.782753587589482 0.410514688974292
0.323873222456552 0.386292027190129
0.920862360509174 0.341870603961506
0.402931869195217 0.402726054836581
0.800892466982848 0.384506480546971
0.94982072543573 0.345686235462921
0.119287961936329 0.288380967627644
0.932983031145029 0.421733595833731
0.941522276174079 0.33294338021208
0.880615787068203 0.392687065975908
0.929456407900963 0.34588233883161
0.705698628125704 0.345896773164784
0.942361325857141 0.329248399270187
0.817076767913139 0.312235309159422
0.770911478817361 0.385423522036639
0.565122003735972 0.321983170440475
0.725672776459018 0.376611740682365
0.620293698094952 0.363555466820336
0.823500719331508 0.408828240615791
0.688165426426647 0.421645457245822
0.755892262508591 0.314733590891419
0.814730529100622 0.42325080192668
0.821193824852805 0.414664823243799
0.952391617832815 0.382836111547804
0.774917660836392 0.31589770433969
0.460632499131216 0.375662529980291
0.538150797193516 0.33746979490337
0.657646427415466 0.347490933908492
0.757991823452711 0.333740615765665
0.494462892590936 0.349167821213599
0.705021581185142 0.363618476256728
0.854695012900893 0.413531440781541
0.919579483576849 0.293304073928657
0.820879444720316 0.386671840306022
0.561973806632337 0.36491994126272
0.501641431775633 0.323164190567078
0.867501814632434 0.315393292836426
0.947144342065074 0.354554588479252
0.829392327033116 0.315448585673594
0.904724320451679 0.377475276012062
0.936871658597675 0.344362742701717
0.965449158891024 0.401936018091643
0.366338790325437 0.374789206678564
0.697493244412785 0.30915036309516
0.347634663095105 0.381611488647322
0.815086030950762 0.342473656064123
0.90884656458269 0.331018382676459
0.602254308238233 0.345308478208652
0.717943175874073 0.388741969137263
0.842013107136649 0.424095697978238
0.199026792559469 0.296349956010336
0.975112348785343 0.34989451733842
0.844747764512663 0.361803950768619
0.864227658214093 0.291431432084185
0.735970332452383 0.342422259068553
0.198954068447964 0.412903213772496
0.557096408448631 0.424756844155034
0.731936597872395 0.298513605999106
0.490109354201355 0.330521485600561
0.47268633846966 0.308299186729331
0.600335345836841 0.36929822611005
0.967103039768943 0.344056503102391
0.57661508374829 0.402545070885331
0.555881826206276 0.33465484088478
0.9145308785228 0.298642504082558
0.695591897421521 0.311499358126126
0.587568757968256 0.344834428124863
0.278933222950694 0.362946772625637
0.696997558560219 0.326756626132602
0.721265260261369 0.339734981577499
0.856489204579441 0.382844314621873
0.336705368604534 0.410179453361256
0.958131332272801 0.384316714678127
0.652449186401133 0.359504355023152
0.239743533567806 0.399522568820582
0.896981707933288 0.320199849569738
0.968150363754236 0.426097368367353
0.825006809086268 0.318113089291411
0.74206219339494 0.332915951042636
0.86854656483068 0.391055950778096
0.896690476576844 0.37271701354619
0.331510615322216 0.384859497848055
0.943773850606784 0.299816103758279
0.775876033873297 0.353208831936382
0.444328584129983 0.360412843540808
0.508525702605351 0.367666095147857
0.97432296676405 0.36980907532488
0.661207711502427 0.410296189659799
0.385786219929085 0.424457001295251
0.977992717034972 0.288565805078552
0.712248686190653 0.2963240892581
0.829996840314266 0.418459738777265
0.16940346217208 0.359309944425849
0.974041725601693 0.319136623654263
0.959707748739767 0.407513529548404
0.916751289878929 0.374419220621962
0.148128990682254 0.307331115341552
0.295556374589611 0.312152594395744
0.534507130727769 0.327153272469985
0.937950073534337 0.331940294347251
0.816071560335405 0.302394290801382
0.509689968270726 0.374199079187901
0.941526103710429 0.399677946548032
0.684134185750741 0.405450769815917
0.846520972033042 0.424173760475898
0.974940778946001 0.402703061174659
0.857357689234362 0.297150566788094
0.878129037665096 0.332445162144062
0.741038497788167 0.399793662541929
0.932100219902523 0.310847959095479
0.9616125580558 0.377769677860759
0.771476260730469 0.315837379631446
0.824019391021425 0.420549485063214
0.60122464155671 0.333535120444944
0.883510044603829 0.378242280160086
0.802972049264329 0.417020070177776
0.550078760564701 0.382193641544519
0.952816254619188 0.371759275242566
0.710824698607597 0.345686235462921
0.860909218398464 0.427740343278906
0.411210222211247 0.422293621354319
0.78948588242728 0.384225540095148
0.255395609136922 0.295088018119659
0.15744990708511 0.399353167817083
0.778180129035514 0.32754511077183
0.693695010619226 0.303330246983198
0.589345546166228 0.393763392645536
0.890780405882439 0.384956490734137
0.416281537686653 0.389005250432221
0.926711812837163 0.421453060372488
0.25186134430175 0.421355034040992
0.894514580694644 0.312777278857343
0.817167195975886 0.399840056959837
0.904130376477097 0.346920383885583
0.933730479696109 0.406733109618255
0.823641896949738 0.352927628514776
0.793052088823078 0.338312588536485
0.862304073822364 0.35092248391453
0.847999856521812 0.361687941355529
0.83842731443563 0.316956245794661
0.883886004395175 0.306115353868717
0.927110813239255 0.392084396606424
0.90322346679816 0.329190336322648
0.739342966048335 0.333733273096741
0.920877222590376 0.418975803520325
0.962921385652107 0.334013230922629
0.396945981130466 0.340917238378878
0.967476289813466 0.413990986541606
0.87455948492841 0.398152870373006
0.915930524263968 0.333087649599972
0.902160377380356 0.306992020201251
0.490512601921099 0.316779562455917
0.914142203161575 0.397955074451696
0.693695010619226 0.379275361364035
0.852747030737792 0.383319826350716
0.881869401752224 0.285754666698095
0.890906023434934 0.387874387421756
0.231951753812947 0.349192964519473
0.919715647108877 0.379940151238449
0.75218414172824 0.333692914748192
0.757864032554889 0.324341387751163
0.562938882112482 0.345742581819242
0.889500600606357 0.308566482386787
0.583082944363397 0.337377287477964
0.62984773556872 0.408689112297688
0.481638524563644 0.402500712420681
0.788777054753458 0.349151381443972
0.689623312535787 0.301726671272199
0.493424362908131 0.367812307985662
0.617389553037233 0.416699108223512
0.925175867658127 0.403117449236493
0.970776501223332 0.409156818586095
0.948336665598006 0.381400047865657
0.746142089896147 0.412903213772496
0.739586699542911 0.3406061395736
0.754419497602366 0.329858202142046
0.48810401084427 0.40398479931302
0.618030961704873 0.329163172286429
0.966847138727442 0.387369821708554
0.623820470337711 0.354230684308348
0.797178547058592 0.365419005898388
0.6775283533902 0.393840753344424
0.929846950048437 0.288985254246385
0.374452433958882 0.402395788367648
0.818704416280621 0.315205757648765
0.908797758512659 0.372462859197627
0.828863139947064 0.29434420037803
0.959531666717722 0.426197499937702
0.978616945026905 0.366324649170574
0.57074858529319 0.402271817826845
0.825541128544355 0.33428684409921
0.390075545938528 0.398462315105605
0.786203427735386 0.299097053692554
0.916043015289514 0.370061041002509
0.966649101060619 0.398634576490987
0.988242188786207 0.394286254286709
0.92491700635347 0.399215321588495
0.195377245025544 0.333500699503688
0.86756369651729 0.305119108882365
0.844181479453402 0.418886490628474
0.798142584812386 0.42467562374882
0.174355516947585 0.321811146790764
0.68527867370385 0.314202138532801
0.357150871307366 0.313352346957294
0.658542373100107 0.346230077227471
0.45286702533459 0.384834778802046
0.770911478817361 0.313904255760498
0.305224253203546 0.294100011881402
0.706003399435973 0.387209178674506
0.840569572732921 0.386313881257613
0.946261907509187 0.348711218087994
0.790521879646011 0.295303726343816
0.792622600705269 0.294503350150798
0.763274301540778 0.314622621561291
0.959733903448569 0.377830693247186
0.708450552630944 0.403167154358937
0.948593413823836 0.411772891648898
0.675414173335342 0.369293883439175
0.679644881949173 0.294291684105878
0.770887276768519 0.288236282212702
0.776928712755509 0.367360703113194
0.310386015818472 0.378200054551813
0.232083176907875 0.326809252210027
0.356639916000632 0.387630752258791
0.580714454642603 0.386734364330421
0.58771526731372 0.422750364049706
0.105305441851756 0.293510094157973
0.379028376703946 0.359803387076313
0.976145888466737 0.394172298598626
0.90004585018148 0.351020748793418
0.40190469721558 0.369346756682314
0.765567210392791 0.403783932520661
0.969417014964236 0.380576362470344
0.965419663591092 0.411244771364664
0.373153580384414 0.317369648633603
0.879670747421553 0.352351125259699
0.568039156425481 0.314830972196497
0.593105639852218 0.288874799139421
0.402109298833097 0.420389344435692
0.481044138630247 0.320854527556378
0.345162116197607 0.348864872270897
0.60396435070783 0.351239256527291
0.913581929968364 0.299317169178873
0.776140474705985 0.359806720027839
0.580021454629129 0.329417852568372
0.781087044674976 0.382303834808014
0.911967786367734 0.343529748094449
0.226886971009362 0.383237494103834
0.942618018620083 0.419039536450059
0.508955059605198 0.328389903955596
0.746443104283787 0.330332484293671
0.754235672055446 0.347984587016148
0.960314681577266 0.387213712318512
0.287068534081959 0.376798763528562
0.655778943299853 0.403353297941407
0.617689352897219 0.318412372110673
0.649375604638945 0.410770151953133
0.886527473545879 0.368461523278432
0.872118935570572 0.349443822510445
0.398134469380265 0.347559520444366
0.58252440799841 0.405577730249707
0.871535456349171 0.327338471426962
0.934208850093041 0.36908062840777
0.147127163100852 0.408608178630413
0.542982634119581 0.405876150788013
0.649589959911058 0.377854447585639
0.753737358808535 0.391198927076653
0.940614717792177 0.324768538698613
0.260292548699744 0.35551007228738
0.385085722266781 0.368926338357148
0.319194719420295 0.41639604482908
0.793461928187281 0.376401753453699
0.971151111967285 0.423291771485157
0.943449334536758 0.312371664368059
0.887131668398627 0.404091054669773
0.148595224242535 0.312000552969573
0.891884574902344 0.359791542988007
0.718948939245478 0.366809584865718
0.429748425477926 0.349306390472309
0.881761892496339 0.427808371410062
0.906797445331036 0.362326802055363
0.951805199807932 0.34523741601262
0.79575014688902 0.407471725802175
0.88357902927059 0.404114204411559
0.835912776938404 0.327556980415629
0.680789230452018 0.303116764619406
0.789206576012446 0.373757738867494
0.895636145474189 0.291389818712868
0.652896996448916 0.305344024721632
0.893875294821967 0.422036719417686
0.752512188431338 0.374071816966775
0.977416591774755 0.323929517268151
0.932764695030157 0.375996803495177
0.788945999397057 0.425679197570096
0.815689078926584 0.31803774105579
0.466790424134489 0.353301517631467
0.484551650465242 0.294470344624936
0.966245695432771 0.344938708174483
0.971896938957039 0.334465302733275
0.70007128310867 0.340977124533863
0.474411644971978 0.413903260534132
0.816432037392082 0.321661234071102
0.825972435348413 0.314568097132784
0.612138272032911 0.363313386676679
0.967532158906793 0.338132083839303
0.899822823606577 0.376760865330619
0.691669771832697 0.294172653282535
0.841282307092296 0.357517547890305
0.56555442213569 0.412776043757433
0.976578725359218 0.389638937117166
0.151844016757302 0.329199715880532
0.812180308764454 0.408545056173734
0.804457980141916 0.422304636430976
0.860550248077961 0.356685880480086
0.747703661096435 0.401877550820148
0.600773649540359 0.364672281344166
0.80055886883533 0.312890244335017
0.675134597064517 0.355294225102951
0.352554389280163 0.314974769163985
0.896803010170771 0.38809258348218
0.941458607922792 0.411288889916949
0.172291637353242 0.420917666066263
0.458484188753582 0.39698187115593
0.454732990398678 0.33179945581073
0.910253255251556 0.295693142808598
0.806027181179438 0.414241379293504
0.109680132053397 0.307910214927033
0.446847344624383 0.420971820289325
0.781608018148859 0.330331748049119
0.870325739246272 0.408461875316853
0.933261201185959 0.364351107496998
0.906885178585029 0.391534825351587
0.742847234293531 0.325467590620116
0.850586939464145 0.368942119015524
0.499117865494835 0.386026124429569
0.953665416530158 0.402360198001803
0.239512860574737 0.424425959710323
0.952192842807329 0.403790143773145
0.858595579770067 0.385437033025683
0.966214996067483 0.377104022841904
0.486719543310584 0.308476327131968
0.725279350520876 0.357343393002933
0.368594275120862 0.335316166785684
0.295452068345641 0.384723232360417
0.90105370572748 0.425187311366921
0.907358661427737 0.399003833770722
0.652973189365817 0.400020457401029
0.74202132193459 0.416758556074457
0.877284211317613 0.285964459405014
0.899585660427033 0.39141268320486
0.973451859416849 0.326164880945783
0.603647842391772 0.414424373189531
0.543751056759371 0.484086469172553
0.141703514068691 0.557738472870435
0.578911434923463 0.491845923206825
0.824099784626789 0.49726382026515
0.933511845609001 0.503918287708655
0.430892993855971 0.551565018165531
0.898985157808991 0.506976540298449
0.0811913720025509 0.499008076100468
0.200818677087452 0.558569511261283
0.528573073588264 0.509264010119285
0.318885345713556 0.462238122528394
0.830464410841328 0.4840121373294
0.69428677497778 0.474451600982031
0.830210867133545 0.533465281115247
0.66889873050079 0.539206534529445
0.616696570857212 0.54257855804032
0.177260453070128 0.500459619657715
0.359525982643678 0.539679304200671
0.742050558479445 0.432486646213681
0.341539049432937 0.489583194401739
0.962374014905808 0.521907228155041
0.237494496973063 0.511226220507765
0.308528618640048 0.516453698644278
0.220289783330491 0.525197890244886
0.588932667543023 0.52768640105707
0.895651973072869 0.554239376923949
0.945909382820535 0.501512100771587
0.500378112508631 0.513762318886106
0.792049214009022 0.459117380777338
0.809252678370833 0.441337660127736
0.348587712280146 0.480430662881448
0.8364621961807 0.432217591369078
0.535025526757041 0.439318365882598
0.226845794779115 0.57065767369646
0.86509641558785 0.464225058861563
0.730412186320175 0.471949817744288
0.139458266965547 0.537529619592118
0.855125480122616 0.479119812125144
0.768505361324666 0.568044811750519
0.790273576363959 0.490003771688424
0.391298026374736 0.569730492334367
0.783792610419984 0.498680287295922
0.88704429851394 0.442342638351713
0.849681167522777 0.548899899825459
0.869421178559284 0.436337625465252
0.762888166291148 0.470443666727453
0.824656615860089 0.514565183475202
0.80393672790069 0.467526544067356
0.546921522615803 0.545307627198612
0.493601834686182 0.499689412284334
0.851567687095419 0.44023724813018
0.700543012626541 0.556643802416063
0.884868619241271 0.465086850693231
0.939145283949686 0.539679304200671
0.690648998456786 0.457493098154613
0.549708402524416 0.569839987555042
0.828544358502363 0.453272445751406
0.887632236771581 0.497783705522562
0.904420136628826 0.537923359796561
0.611887886220202 0.522404964138111
0.571546884510537 0.444043499516889
0.812303466959734 0.542571937063015
0.849225952228368 0.441921981999447
0.940969637035601 0.476867723090542
0.491110907719588 0.42960416148898
0.921102849237203 0.555612891897678
0.770983336762934 0.498529838314606
0.868858735870999 0.42972711141978
0.230888322418424 0.455131089396236
0.862533624960896 0.553275845045174
0.637686604722255 0.541190770942218
0.326990151536655 0.541387481014041
0.975765194197501 0.549775472796839
0.819131071543709 0.4541911797438
0.895820514367573 0.489729314364875
0.909629458320461 0.544035123278699
0.874178120033929 0.447502079737775
0.333379245484765 0.534730790481303
0.455890070818621 0.436179480959417
0.954221331706682 0.454502388769779
0.605624794536662 0.54879630513888
0.902984119917038 0.545396497705931
0.820543776059178 0.445099770873822
0.543599571435645 0.546314970814466
0.65947395735888 0.491078049655945
0.930567842094067 0.430212959432909
0.746159795410197 0.48799498306084
0.371449402189668 0.451179575160159
0.654834429415348 0.486659609738174
0.894550381966255 0.514429229446216
0.530297529641259 0.541806857560117
0.487111855279249 0.539753012776293
0.555081608060558 0.433698694281396
0.733536772119483 0.495317378520163
0.93507030771162 0.466610226341755
0.964151740346522 0.509157391371345
0.455894500319021 0.481251687003208
0.390037443998803 0.538004396692179
0.724037488316179 0.561332386884784
0.925269922679362 0.471980842235085
0.681915385785607 0.544537906405333
0.938155511414712 0.551017767735755
0.753572497812922 0.564201891852023
0.542526979345269 0.452293516485048
0.656801299215503 0.552757701699164
0.555366003036176 0.519230250503522
0.281427615749021 0.535438700849177
0.681184502200718 0.553222654293871
0.30007037766289 0.546927042255648
0.285329590380226 0.46739090674417
0.803070601997988 0.444035371101299
0.522563625303288 0.450466632766493
0.651389809150425 0.463294367099388
0.926679424972077 0.460662884982802
0.846330117499885 0.53482892732385
0.851222440175856 0.482013135123446
0.345489407179728 0.502438179385602
0.168593457474649 0.488818830598108
0.102099267386661 0.493819995580423
0.886927365015581 0.516262808584937
0.901482320727777 0.521570882562442
0.687359821464018 0.54565759225133
0.818375062079229 0.530447051908307
0.234030316714619 0.533587938940358
0.518137100038164 0.444457733845157
0.784629453124336 0.530092143775416
0.295407496839263 0.45723102342665
0.462014821370681 0.54565759225133
0.357352797341755 0.451560917531007
0.894659387790845 0.487384242172139
0.834581636727464 0.42972711141978
0.206393937194645 0.470738099954661
0.87178280238711 0.525489824567323
0.228578704854394 0.465641288149565
0.88786876652721 0.452305022894975
0.667515208442074 0.547292921892697
0.758250035975234 0.54370659732194
0.758611959620065 0.47256033880818
0.95423346309854 0.459061636269495
0.649656119678404 0.487017585328895
0.880435105979286 0.509022529922761
0.758693737254479 0.548744910545931
0.663339818979086 0.568259740907725
0.718776031313913 0.56535713433803
0.263938716190153 0.559338432134137
0.883535577951316 0.501775713055516
0.961654620819283 0.459637015207418
0.824118080611296 0.558501606911956
0.435430529317018 0.569655266802432
0.518336984749512 0.436822052550146
0.665149203108787 0.519960438228652
0.165041802437163 0.501599234310118
0.905847018647248 0.452674949629764
0.700049120006974 0.550139741561493
0.795416380344823 0.570177179754933
0.50715781577763 0.53589147138246
0.85984656669884 0.484615059743701
0.947659288179229 0.54597724705144
0.921928103379092 0.546172761622618
0.898209588476289 0.498415611431294
0.511639610329118 0.546437593109498
0.264048147431987 0.450215888559746
0.672279207775056 0.461267760791363
0.894401941366292 0.48935118416536
0.058909916716229 0.527508841079679
0.769305165909504 0.527198813856949
0.908983309615339 0.558846624155073
0.766290333084356 0.541368388832192
0.735520632332462 0.434842455865547
0.477561299053103 0.460193966101189
0.666865241612457 0.462580551399578
0.961062699188666 0.502752205340164
0.373755765867153 0.542085055595904
0.939871451077401 0.54431815669438
0.433639757046293 0.431652611065057
0.308393228657626 0.482252634332536
0.0922534303259595 0.479570427309153
0.357522433166694 0.550437659985464
0.866372118239098 0.514504941400644
0.910513557607757 0.496452744427372
0.899930013538742 0.509867239342529
0.207791065620533 0.508797778560675
0.814438812799868 0.499279214011742
0.117636797490347 0.562119668529768
0.909581130853876 0.566863539382423
0.660156567693055 0.499325044622777
0.273122696900842 0.491238448054818
0.954604335573465 0.496066661141156
0.739826696645343 0.533347904643495
0.675467765551016 0.438620032389146
0.788355759013044 0.569862822144953
0.765460875992923 0.42900545268336
0.88928762677396 0.567404535536712
0.162876658520783 0.480092969665583
0.734129281681826 0.540898764123666
0.747081555703972 0.54062898892536
0.899181373048458 0.443259127817145
0.829375862704411 0.496755219984412
0.342576708296975 0.463687868536377
0.287108625878464 0.477589508950404
0.723077109172543 0.47930398948021
0.775933284979618 0.498764366765196
0.573312445382484 0.488690818066963
0.676069991842539 0.457559607715855
0.824107599208613 0.463190436996442
0.945454276532565 0.447801124863275
0.895213844223389 0.493734982438398
0.787597325681898 0.566285051732786
0.970781780880043 0.54478495024422
0.823721540647183 0.549495156281983
0.331115304325366 0.477935960634155
0.966199979837356 0.452145720157267
0.599381938003621 0.487963100926707
0.341285220917922 0.501565046332915
0.117582791439978 0.549290358361756
0.701261501368492 0.559760327091264
0.90018380329315 0.490131532864169
0.662932369410124 0.449231143175484
0.451948378696963 0.552566697644236
0.586539877767682 0.534452909143646
0.8256142708391 0.442924202093624
0.73416246628507 0.547902667266429
0.930712021263248 0.499924019643973
0.228406844527764 0.474951529915735
0.906808617907686 0.542664283233366
0.722867255139474 0.446011071211639
0.31898026532177 0.536125067413664
0.868881785282061 0.515250250078986
0.502305455250152 0.485611004630074
0.598093421363239 0.48670928087277
0.530894517307268 0.556712896696524
0.891851733593731 0.493607198126754
0.938658660666447 0.54879630513888
0.586289137592814 0.548085270042938
0.853016437055324 0.456057101522143
0.704296946063437 0.442348079494892
0.62539771953005 0.544811450618149
0.278707394447053 0.524794081878609
0.439524176677764 0.563767827725907
0.700454566156323 0.539613174382124
0.88039983500156 0.43036945331281
0.756627311346661 0.495754240161435
0.322706922485335 0.471840177197755
0.248703617370471 0.537239775241378
0.705161016151775 0.464639481360613
0.749734855059348 0.485559631960619
0.860869908627586 0.454459675951751
0.909603971282666 0.525757448230518
0.905107626492807 0.477635691050521
0.780749772340654 0.53338729398661
0.234888249672094 0.451414112096743
0.446705789934084 0.4802345991532
0.283142630780232 0.466337518977608
0.692151366828884 0.499008076100468
0.779893386154592 0.497588811793433
0.286493033080862 0.505217128679816
0.702491010002913 0.530955973850773
0.702573124519694 0.492031178497115
0.767418190901108 0.521080825404543
0.808017996461045 0.563107148654524
0.872246032410255 0.476164543066402
0.651671494028972 0.517998759219406
0.926683255686637 0.429405212020452
0.906670904581562 0.432895053950221
0.737497210834055 0.559377256626931
0.0770686820200146 0.455466424388068
0.877569789045667 0.505736702360313
0.940447373498094 0.449269535126141
0.297054864466098 0.444787497584144
0.800317109069034 0.459131979855676
0.435689853177843 0.441861883616569
0.381377284830483 0.539009927640064
0.9350889748879 0.468662556101461
0.754973877806753 0.526865612729356
0.904318671215293 0.532817768704809
0.932155027652332 0.478702495119075
0.91804130573035 0.529240562022768
0.707939003481338 0.493331132824505
0.755786719375904 0.533611825692315
0.936326527546774 0.540612629471169
0.912167927149578 0.519421931372673
0.938018797190625 0.48914058456941
0.710517026169572 0.448757410137853
0.833123198100994 0.518302855965156
0.714500606319786 0.461783372252131
0.818580095247785 0.467594707162748
0.608554425419095 0.516585126600485
0.555875778684986 0.446777584457995
0.887434443995746 0.489578475486653
0.600999861992582 0.488964679791755
0.661746130671995 0.513459057457994
0.278585253187919 0.436099298335926
0.755425094852336 0.483498902468688
0.650987083334177 0.524744921237922
0.109051114704917 0.552499757387034
0.931564178738192 0.498922031194343
0.583729180905038 0.461483281311017
0.583245688687771 0.458898010128533
0.908600263851572 0.513600879560935
0.961853599946519 0.543245603197383
0.449695973134506 0.516292239934009
0.394684181722471 0.540316338892974
0.899714944305397 0.46599262250487
0.708359094363056 0.53945900064889
0.690005624977025 0.484232021813247
0.46863812745722 0.501621732283504
0.619647627695402 0.432185552363832
0.962303833170025 0.488649692531943
0.185050097783312 0.548295166159927
0.960343059010213 0.54810634387078
0.964743504362782 0.463550390644414
0.725581575721831 0.470008597023366
0.238750245185385 0.500131709614316
0.911762495820639 0.520013262125496
0.864051985590276 0.514847496615771
0.715319785537734 0.50671848587277
0.750952292040076 0.570325142321728
0.888623192327473 0.459447911167583
0.769927849534303 0.475570456476357
0.857163198093601 0.528843166572634
0.580255174133945 0.54852871357088
0.320969256271084 0.490322406696281
0.905091017025801 0.515626598557501
0.817489976451201 0.444734402580851
0.892142054746245 0.452033410340191
0.962170032977523 0.482055471725133
0.673005214977872 0.541088024102666
0.875957832622946 0.545484638971442
0.73742756004706 0.465219005555033
0.801114303690967 0.539296016739948
0.589759457398354 0.458129144457425
0.107343111476249 0.566681879570972
0.695750342929541 0.570509460938945
0.844571892452192 0.555022287356517
0.817879303452596 0.469409476884269
0.862503885600319 0.543858369092643
0.687837476400928 0.499456103658473
0.687255977064808 0.481578753348555
0.877648433907566 0.531137063953745
0.584504187076741 0.543334882058669
0.551853380617251 0.512538403972416
0.564697336296252 0.512130460711376
0.896549271368663 0.432802817014576
0.516500633356584 0.428806927956523
0.677918073298813 0.505503020891245
0.930708544697405 0.564364676682428
0.274716545821458 0.558871329638426
0.859867584558177 0.540612629471169
0.609217258539852 0.437284616824388
0.73451467292144 0.553114857938863
0.72786750832146 0.550644994131811
0.0336956649965202 0.541368326941491
0.777557905083098 0.518774787735767
0.841795547659108 0.527350577542883
0.247197114338171 0.525190393112751
0.977705999018235 0.55315062612726
0.86762154640435 0.540641023211293
0.978334158388576 0.466040747747641
0.82354102748396 0.525110536900931
0.650941094203381 0.535157667694412
0.737151109681589 0.524185720731099
0.403785631566366 0.528833166319364
0.654062337060186 0.552306639619901
0.503866626790631 0.561183700873347
0.88603393519164 0.525190125120783
0.504649725386182 0.571027525797162
0.620771664043708 0.469874842013742
0.931534569293542 0.540920947804937
0.828544817319535 0.530916434708504
0.809726920612958 0.446555521202439
0.530571364343001 0.488765987193691
0.525450999115833 0.43733956896864
0.727664030977264 0.522959788919301
0.273264595614043 0.50130685367289
0.137903121862119 0.443981063032703
0.782339939375408 0.43966151032063
0.986437878489663 0.48383843580134
0.507710780018011 0.535538335632444
0.332797849171933 0.486042887468343
0.60016038125176 0.476134627126977
0.727347393611866 0.465892122692489
0.770338632640165 0.471949817744288
0.948655868929209 0.494989197832697
0.884181810513607 0.57125602952955
0.19871674446365 0.51415239670043
0.80830463675305 0.512780652375508
0.589669952886694 0.525236623161008
0.527409045759746 0.513600269985185
0.579148915482869 0.447736597279662
0.747130297364496 0.520099682708196
0.805483804942493 0.431208908178104
0.140620560744149 0.522460827678428
0.365604697053328 0.435724774243715
0.497988862346234 0.517446525756568
0.876908203619689 0.516643761197271
0.492572591943279 0.485214141546459
0.897460029248081 0.475716034331924
0.178745630188575 0.554156205655888
0.692799198498275 0.51614314160727
0.514977321363315 0.528584236951319
0.882040556239277 0.469418366080439
0.723515859501054 0.559320093175971
0.593507155981498 0.52262019468897
0.161525882175228 0.43421705191048
0.831646599281938 0.459531347909579
0.934173682800985 0.466243096898564
0.91468299591994 0.504391777184975
0.79951975353147 0.569393882608545
0.848661305703382 0.486259377388282
0.290951383098794 0.550044926179434
0.468145922030657 0.488097906373956
0.927768916857871 0.520534065315605
0.643586763306807 0.530665490546168
0.923275131477723 0.489110282140411
0.521351040934726 0.439107378770117
0.926545092443187 0.469489743224995
0.916571035419928 0.468239140333425
0.936030555864823 0.499671674227234
0.45996061484185 0.45757767905378
0.219763104674801 0.437924140156729
0.406154422489884 0.534563468724024
0.728295324081568 0.52905144946093
0.697101650358816 0.558644268125475
0.947510715444483 0.528788464620281
0.819723228341383 0.527445253681873
0.231616089305213 0.450423785333016
0.796939899431235 0.460846483558482
0.904420136628826 0.54708785177909
0.77659369347282 0.506788075404167
0.726876638157842 0.516556527502626
0.95137193878682 0.501916255687942
0.786395529689335 0.489284035854565
0.889645288919292 0.516292239934009
0.74515620437505 0.562097546914751
0.925102027448081 0.482486377538005
0.807809438410319 0.527115911574098
0.942781607099919 0.464027360856975
0.669063916600261 0.519951426947379
0.90452816516752 0.525190125120783
0.870714475359377 0.518201984199261
0.602983258120575 0.504806050968889
0.7761321837347 0.499010615086622
0.77721604570137 0.457822755670087
0.726149103128942 0.539008041528267
0.90630250550442 0.478259858502778
0.312743931251682 0.456248263237853
0.799202930005317 0.47604419894563
0.288118337898882 0.560119409997381
0.830111481334507 0.556747051263814
0.508099388503938 0.479494786425546
0.934406321314425 0.42904123527663
0.825791107698739 0.476398003921095
0.98131602281606 0.523724310299743
0.893011057907803 0.50008023749906
0.604358879757199 0.430469148486095
0.937023533386913 0.522143089931399
0.51404387836038 0.558554952604395
0.564128266946714 0.490875569191613
0.738453448264735 0.48164295002392
0.15725150627023 0.503747426183975
0.912174965335049 0.482863757102916
0.857372691863965 0.530454280870365
0.822253789773579 0.495134559814031
0.557771628743963 0.499907292944557
0.51938496141611 0.539053393676263
0.803190557580912 0.485729384557065
0.82443845319299 0.433688820800212
0.822446535058687 0.492369504379356
0.28519786597059 0.440375939216799
0.394228892165876 0.509684434937282
0.870778101566225 0.450853891422566
0.689685048306816 0.433688820800212
0.860529351587361 0.492915325804344
0.921001556616049 0.493328496108454
0.731553745852826 0.447024789028133
0.869418983986494 0.511007596478449
0.587056302724586 0.47098177253962
0.909603971282666 0.531664857121542
0.777216251698564 0.458377932086347
0.968044148587075 0.438520647635392
0.661031125726619 0.537009172169946
0.918032063201119 0.482757679722128
0.951687530052414 0.569573854125303
0.972284828206758 0.566027065306728
0.760910631752125 0.442562050538533
0.418220493248526 0.448889127959483
0.80544537407007 0.476782582958234
0.726952169153713 0.543740723349015
0.784981577272212 0.445485565067997
0.827245877770555 0.466389203803896
0.57340245827739 0.535050598055076
0.850774593108935 0.473618221322265
0.351996319812735 0.479728253682038
0.82822002694575 0.446320033398753
0.69593481114398 0.56098227056245
0.97511332834348 0.556149493910864
0.88754352511481 0.542249826795621
0.433443238311423 0.562471013146904
0.927313432110557 0.554545579775224
0.854658156390531 0.550184986386536
0.92814331056875 0.485906261083964
0.481304810486594 0.498085970268056
0.373649785244161 0.54984934451992
0.766170563954279 0.487569382031777
0.941402524522184 0.442312624715029
0.724390213243849 0.493938847971184
0.168068647728842 0.466419654548759
0.977512602870197 0.513000654176307
0.445406263442567 0.438900469233965
0.877175281972704 0.558088631095579
0.957978080853542 0.502252065267758
0.610893533043211 0.546376110265121
0.909691736943034 0.435915640534079
0.855328728147766 0.471534366906927
0.660429528789713 0.458419677596084
0.853994764627598 0.4739205833454
0.917177919580374 0.446107443784257
0.380198957526867 0.548543673801202
0.897819176049861 0.507495502875285
0.897720525121448 0.529169623419307
0.886150592610012 0.442992441256361
0.940250713241466 0.568383242706005
0.93143564057125 0.50992474956141
0.396041360432711 0.559160615578689
0.935948453133702 0.443135047122427
0.894695694342135 0.527629184271621
0.749739653503607 0.451419826793005
0.748939470925377 0.470760309179351
0.844923673642472 0.510809616855729
0.873625340961945 0.430459082896967
0.55414453507657 0.469846940988604
0.513271437416927 0.472905696567089
0.631796985914732 0.533210285263579
0.91840668747897 0.524024306744301
0.285380705076118 0.544929573527852
0.948379893946871 0.42960416148898
0.824884583478508 0.525326023195368
0.555667511782287 0.437506753518723
0.878010604972604 0.534827176423607
0.76461026507089 0.437451983625652
0.907602245433442 0.526617266617757
0.748063431157055 0.484090139037788
0.415499645503485 0.514695447843555
0.125406550257927 0.514785572993585
0.761136065291281 0.515890690072815
0.419145037647923 0.51858918528861
0.245143144660044 0.499729046731695
0.707562705680183 0.488269764382452
0.707697848243292 0.450151219575595
0.918763373391657 0.553123130428009
0.904399193547003 0.538788145107793
0.681933470649588 0.546040220367466
0.320499506137135 0.521165250692688
0.660111358205744 0.494306608382097
0.962874668049947 0.545241836301759
0.949994634959757 0.456134479059578
0.521655538478346 0.502938544576227
0.831619476884671 0.518788492731403
0.787751290942417 0.513353526928131
0.899464602990178 0.454021939262472
0.775225375936528 0.518253690944448
0.738859752851654 0.504494702529453
0.62081304623748 0.530140374969437
0.89624533622947 0.549123588854519
0.750238502428721 0.515773309111482
0.833536304249894 0.525515327025194
0.956462972070994 0.449627189083185
0.869964594701068 0.516271252037011
0.546095241782286 0.44776241958405
0.716279589648687 0.451273508754316
0.913269915736444 0.492843259654429
0.839549319296567 0.492115382536436
0.662057812729986 0.485514910322641
0.833955511960457 0.470110896652836
0.858610691665388 0.567406938220163
0.894884083848247 0.449269535126141
0.549527159140588 0.525273995990489
0.958314072610129 0.467773855238846
0.484310312556403 0.515999744348418
0.627089408724552 0.446896842300179
0.922779432984554 0.501621732283504
0.548916002134064 0.540080924383821
0.707918215841409 0.520388759057372
0.925778840720411 0.487089217832197
0.197299535049191 0.566095553356549
0.530896958399562 0.470574856552624
0.724034060726634 0.535904676921566
0.130726460491981 0.469287047715066
0.430121295513229 0.518418245970151
0.833716515364402 0.526877172166593
0.945454276532565 0.567650331336814
0.45313338343959 0.485602910568489
0.825763812104356 0.515106341708118
0.729564437238227 0.527090784030213
0.798358911771641 0.561323516857731
0.964938823402791 0.500941242999425
0.801450381308482 0.546451224542172
0.0811913720025509 0.560705091029819
0.767361785583787 0.471980842235085
0.507739327756352 0.452189912680314
0.245523313086928 0.460137954549505
0.140661488700654 0.562428604187948
0.935948453133702 0.562052508174255
0.897460029248081 0.431316133642047
0.723044876699124 0.538552110235841
0.855699264784177 0.570467388395659
0.599051839537693 0.555933328643119
0.843335970823833 0.446993651346071
0.391571497631912 0.569393882608545
0.945840685474529 0.56267393436638
0.693641229905376 0.482531341574205
0.736289642092625 0.544109886354698
0.508815875169227 0.506621408149043
0.588682360865579 0.489787080719718
0.25288411035487 0.478077612046624
0.592007717028363 0.539043565413308
0.85959273183743 0.563847673600717
0.96686053897036 0.473601170521527
0.830568027392404 0.455309261207177
0.903637630692316 0.499887394076769
0.338210285581619 0.459658385700175
0.656691078139902 0.554660580111661
0.650297547911722 0.506664788448914
0.956755521859319 0.444434237004645
0.902184665116055 0.56806927605766
0.776404017315631 0.466278589221854
0.695051700375146 0.543162826213582
0.865868382880802 0.558458014793659
0.604298360940061 0.628270809698031
0.557402508022099 0.582557906885534
0.926676654714829 0.625210826990204
0.74021044645031 0.647762255792871
0.343353871765851 0.697488197783183
0.913743417929742 0.681793444525966
0.763624388706185 0.640826417580533
0.799812196085968 0.664085819105817
0.94044733097514 0.651509074246027
0.733833769492557 0.60221136101873
0.930206966794671 0.656319589938299
0.937049316116247 0.631455981319063
0.749573318423916 0.641815544207317
0.650431401789763 0.615866172753831
0.85321598083605 0.669557932424754
0.793720420888079 0.591676930254271
0.880167380263085 0.613767024731482
0.883291030987441 0.712251761115737
0.339802903641023 0.660253743191189
0.560925662356375 0.576838566790324
0.77711634201984 0.682396892887403
0.887345335437848 0.587347951919265
0.641579577471404 0.589643505953573
0.571689228806004 0.659361051824634
0.911530605878736 0.636831893256153
0.968024656121371 0.703473091028826
0.795034842871857 0.671108303797476
0.955541340070444 0.664949291476607
0.70856784317647 0.58620894231983
0.644236758738177 0.700390231229818
0.905391781641321 0.686519327059311
0.901606447406546 0.58329074896197
0.972795282936475 0.682036656866167
0.770545108029725 0.709515997528165
0.820392777294118 0.576703129740613
0.769506586523985 0.621283100609577
0.934212188016264 0.705541801933475
0.944881129383063 0.624575168895341
0.835922925536915 0.608986161047989
0.933418911790886 0.664673596494618
0.826285760538471 0.672058171680371
0.932796984955809 0.685249625840768
0.960940602323105 0.671040808571089
0.736360512249608 0.698625651345948
0.516855107775855 0.610038075443341
0.866046758676386 0.580871814790275
0.806885632598372 0.615424834626198
0.5749865618435 0.618176095253915
0.805624038998243 0.675529163806511
0.793494471636351 0.621713159140614
0.917665588799881 0.647566373443436
0.95188658393414 0.630078072993668
0.774546117646307 0.576254245268314
0.954743798544935 0.590066088858716
0.945889683789758 0.629880580187294
0.72507481967074 0.671558008215425
0.837702813076409 0.641971805404497
0.888918065574424 0.620865822314479
0.586272682452065 0.639370451238255
0.92511956076773 0.696981691433533
0.496021384094104 0.596261478058151
0.819894252048379 0.607289606780204
0.860343189765027 0.588787455314316
0.692377446945589 0.603240888929031
0.636486784693735 0.594988090303941
0.812671003667678 0.653322024759064
0.980120264129198 0.60780313305679
0.572520263168985 0.615359836432783
0.948433811407346 0.654288140834272
0.877410199697343 0.693724706229291
0.844643428940215 0.573115793639879
0.911437355391767 0.679396555481377
0.796095915818288 0.633777196188089
0.785751482810591 0.655961718875909
0.729390039778751 0.678389552986833
0.871200020786946 0.640143393605762
0.892294865207359 0.602326364305673
0.926756849964883 0.69927346409177
0.782818915951093 0.613903745269473
0.89953760624253 0.649881907835359
0.68638555202683 0.655422469506848
0.647454670694538 0.709964295045645
0.339105214298516 0.631091483866982
0.770248292936063 0.648202063035519
0.821205809475763 0.601726684033855
0.850221908053909 0.623142687816198
0.723144239014121 0.608664436247151
0.814615929779553 0.671832075763272
0.326544427307507 0.648583256910869
0.945682456556785 0.584070104734553
0.790754829469053 0.665851542400973
0.349748257555254 0.670376041623365
0.906524809358828 0.696204009758165
0.642478511208096 0.631366741674908
0.880118479468227 0.622518085458816
0.858823373254585 0.682047459060124
0.818124411948472 0.579110247092411
0.882391399967056 0.624475884388916
0.94955356240591 0.588387669729843
0.960497144399793 0.604873233021606
0.861895225163101 0.606350232825112
0.864836125857322 0.701749367775762
0.640159079930384 0.671403995938107
0.898687300332968 0.626061566471466
0.92879237409375 0.703769800501672
0.895644811703784 0.581272431021702
0.964936890179421 0.688985456063867
0.905403426912673 0.702947877952932
0.810581030368728 0.661672806092422
0.801887799328122 0.64841188869314
0.828438215583904 0.651704647790919
0.813277952155673 0.673706640486958
0.882074172326755 0.637078158806036
0.913578413824786 0.648392235507817
0.906808155437604 0.667748549943057
0.459413575925473 0.679953698175902
0.565227481112654 0.586065394744632
0.675671783379428 0.637417500383408
0.198028593883973 0.685002972443826
0.878636992423074 0.614410208790536
0.895995420450767 0.707241988419094
0.695388402773219 0.650037761866911
0.940450858552512 0.69689983274954
0.777300977663596 0.663058390177063
0.687833602988959 0.653585040342363
0.930730119753829 0.700701983783055
0.525889004185983 0.641744757176677
0.903870662537219 0.709372687264187
0.824272020585881 0.575456906324323
0.684873003776444 0.652306955924836
0.517963394721613 0.672031953382896
0.852038785306656 0.632914672768625
0.893023886417414 0.704397835929993
0.925962209139269 0.612258993436585
0.827822742890843 0.693318861894313
0.773858592437962 0.706693389453647
0.949628345364839 0.594121319978229
0.951106790260443 0.690234615474846
0.424621612098582 0.706653091521733
0.954830922755325 0.613291976311326
0.82134363776388 0.611287047623988
0.153283023108684 0.688207781766142
0.774043661922191 0.681842258538601
0.746533625149451 0.609352964625933
0.654170730125974 0.642920153329191
0.558366599663392 0.701749367775762
0.91574714191622 0.60464116152624
0.656183498693093 0.654081693477444
0.920639876406257 0.66040846293881
0.692993659194415 0.657352653586877
0.645369362793476 0.57351935438458
0.833736648314596 0.671639302013413
0.739015041593938 0.707515149502814
0.839900467520782 0.574541392732442
0.651482534131616 0.700883126076468
0.722956206298788 0.630630933489125
0.935821994246925 0.643233151302898
0.761677429217051 0.612444366454124
0.749259812388705 0.599819685573085
0.932497651286351 0.65272723898159
0.737223399917542 0.624517145572178
0.899484966542775 0.617944810572232
0.343763597393297 0.644000227138419
0.902662569757378 0.61295386628233
0.496014396229984 0.678970018022564
0.913951586064412 0.599482033812662
0.952281646086607 0.579050720722115
0.53723224559406 0.604728786405485
0.951534412413795 0.615382235509998
0.874158967047163 0.622626031519896
0.894260533716236 0.627073001815534
0.764025132523351 0.691221102712943
0.819651141676082 0.60653473512633
0.4238193194973 0.672923453604147
0.89042276663645 0.659764716471354
0.743141456609184 0.695817937404784
0.910094822155477 0.698894887900397
0.859045516540027 0.656973006859811
0.786071207429233 0.625002454852257
0.84895911021224 0.586235578925862
0.733339509803826 0.628945182706277
0.195855436465798 0.575330184859525
0.846567595574309 0.651226759323018
0.893533894325712 0.663325949854439
0.959804300027892 0.638190158919302
0.347047191722621 0.674348087624499
0.610182907911361 0.644249650011777
0.164034997372903 0.600637281549341
0.832259431768452 0.599650697217091
0.0758808796588301 0.710082204080083
0.924759291327132 0.67648729698785
0.914858483740393 0.583057745676811
0.792131903248722 0.658968109314916
0.890743033709357 0.627975435797325
0.82928670166224 0.609404833664239
0.639620296893744 0.71369752599273
0.714274683617598 0.595181680736913
0.851641505688914 0.603332678234224
0.958036954939415 0.581353843523252
0.306520427970159 0.630222134606358
0.758300462561617 0.661545875994469
0.878729775153308 0.707385669932576
0.818597792634049 0.698484339482275
0.437854692962632 0.589338771756631
0.728539197338029 0.695112427240005
0.319098301466549 0.662619653720672
0.590230997518182 0.605471615633745
0.591603408680485 0.61646996605555
0.757368280825402 0.683791590958719
0.851090396583381 0.59025316604062
0.464078694236948 0.699410009655983
0.979676660972621 0.664506039436804
0.823206773687031 0.664581455428438
0.855998642491132 0.588878429292034
0.7227510904484 0.617280744934899
0.819965844389515 0.584413596084836
0.850033659934429 0.643701126986111
0.946175349959521 0.608869586081554
0.970831842209344 0.588081860426105
0.433195371368975 0.666503300572556
0.840560582471506 0.688548820238239
0.746533625149451 0.634893369722679
0.926086565778424 0.698032395726848
0.815865710040234 0.586976805843014
0.786229503929439 0.583989096630061
0.669740938373026 0.645963245270881
0.564785077698344 0.612776866409141
0.94637663721199 0.602992760969558
0.637978867430678 0.672910124469275
0.664375511467478 0.586581626924624
0.903597219433729 0.650247390756069
0.951948730729885 0.611979351300172
0.933943158060037 0.619477707105575
0.908502304367301 0.703038888039789
0.597498020884088 0.676501310010039
0.71737699829102 0.582414797543115
0.498813474974475 0.598617204152667
0.694734453056959 0.696711316226927
0.579402896070499 0.593552469204682
0.668231526645041 0.612951671706094
0.684690217992843 0.67105582172879
0.828690064274353 0.669647731180476
0.732392022437119 0.676835049357764
0.776877086643258 0.61090301295209
0.878254725878641 0.605472218239512
0.923980024821638 0.676083878359749
0.793100186132745 0.688187362404285
0.903836395809474 0.578414923238521
0.701407575742794 0.626884852792823
0.551539071234859 0.630856848523884
0.849112232173514 0.675624928712852
0.517179636091303 0.589695783129052
0.586843351050916 0.694859677452559
0.533026550220749 0.636763284162724
0.731307506487387 0.609698968903073
0.768703139687782 0.692303792391203
0.668108188576465 0.659730584405229
0.715203614264951 0.583775156471665
0.943449263854859 0.679953526749984
0.713514482481522 0.631718830317666
0.753603637192454 0.622773115290665
0.96810616029617 0.700629316978467
0.968656583792501 0.672875716844044
0.807044715572385 0.595731165558912
0.896787183088626 0.585132090978232
0.563355764123662 0.656985565466878
0.606348978296912 0.592125993027577
0.90209869165398 0.648873795892024
0.738206775334252 0.623746564850558
0.669353950242809 0.635719506418928
0.851032840907298 0.594927716944854
0.103159898982424 0.597046400167134
0.214448957441718 0.69859929865043
0.568817816431774 0.579974559572298
0.942566024209192 0.639086202633721
0.965018452005927 0.707754722551855
0.762958427199292 0.673379803346616
0.886884213233655 0.698603123892567
0.920162174769021 0.603327032312265
0.626184321160469 0.577093110519158
0.948158190265479 0.674260722262157
0.318560434301434 0.682296796954576
0.956261706896356 0.62525004256423
0.0241631003875028 0.662727070094487
0.744499626045726 0.584306671249828
0.550053383222068 0.662523562867561
0.899026366813967 0.604691104569659
0.847987235607819 0.680495594079701
0.831016543468616 0.656376077441526
0.149237885082109 0.60538226473475
0.857488092193178 0.676605184865769
0.816871521187317 0.706052116621849
0.903816414315851 0.666011746771081
0.430335555273626 0.571854659952835
0.588319997861042 0.669314051424751
0.982659588586933 0.650379555944897
0.872415857475828 0.628210071249948
0.518213470126102 0.667458841205802
0.518748101968658 0.617348653083015
0.618541617300872 0.629144096632977
0.809783836768945 0.592305722973153
0.951427366730605 0.632219311230813
0.638938199742548 0.705756148039234
0.875352064625913 0.60035008107323
0.738210547389318 0.595241452434078
0.424542594506612 0.590005227982907
0.618491783239074 0.705500220352196
0.692377446945589 0.633623001460243
0.868416194777147 0.583664288182811
0.720999680126677 0.591343978996355
0.448930536539832 0.610753209129916
0.933596029920782 0.68744848977231
0.755145358023019 0.574190586422298
0.676357578193491 0.605553324671482
0.726479720982545 0.673998037124877
0.541975589922124 0.668330259253806
0.906905782305256 0.593825299932837
0.840292408634381 0.684092797767089
0.979564113899764 0.690334759542258
0.868494476877925 0.647360267335327
0.878319479891191 0.646642822459465
0.803042151092197 0.707546637371163
0.452261095289472 0.579086164346118
0.719069907050225 0.655840873228294
0.377505853064795 0.641478541374075
0.376630912067485 0.639494925125172
0.7385714770467 0.671657154457647
0.850018500607305 0.641360600624049
0.906790458473158 0.588095634602638
0.817247565165746 0.598888537189348
0.918768825763414 0.57824940172967
0.461967808870705 0.693719015053765
0.364544840851761 0.624159001967814
0.961085576073948 0.665280126499548
0.945961742835547 0.605549723314775
0.207079612010267 0.609162176373835
0.867752589213701 0.57971933210071
0.923193626826079 0.696541155787759
0.937655474277587 0.641695606619582
0.733896540301543 0.579467649982387
0.746722426576617 0.68077210087173
0.878265398710128 0.678489637255008
0.499257715698382 0.651893554065105
0.933360549014218 0.643135641140776
0.15348065982423 0.664223725240177
0.781161298480261 0.598759846412466
0.377438667407256 0.645450431835053
0.781718684595467 0.656417515403477
0.286182366993679 0.676427052719524
0.874213498909558 0.604682378257921
0.974254355273957 0.706255653995619
0.909775153068806 0.597264198376673
0.884833921946965 0.688366501753219
0.808342103360829 0.690036555066284
0.94707414829503 0.587353763443313
0.902245676073211 0.593714613059203
0.907693129062536 0.576933542469619
0.209636218318414 0.705539273824011
0.950364128350014 0.679563727181067
0.737869508196383 0.58092345809983
0.931034117553197 0.668157959514632
0.866199743029907 0.58807551057596
0.892330370929806 0.594373127519724
0.090116150562231 0.579898067466897
0.858723585765036 0.589973384567121
0.649981742523465 0.692100757734826
0.950825941678061 0.607580041511492
0.96229536720838 0.621599945097934
0.862535743323077 0.60780528620357
0.787024380793557 0.61244669808643
0.634925810528573 0.679149145779475
0.346092002774299 0.695623741198776
0.799604029608477 0.660959060550756
0.612073896083266 0.631424229178742
0.952289633504471 0.682127117148568
0.0344433353393815 0.672039521477864
0.913661695630632 0.600019154505733
0.965945071160038 0.572539840692321
0.652000980514665 0.653276168334837
0.951758619778386 0.689252353669738
0.50820711414763 0.631418800999376
0.806672817995249 0.644280010538837
0.682681056657853 0.658647271944975
0.971511523812793 0.69073622172537
0.160329358737871 0.690166199566763
0.941928653299962 0.648063409123268
0.870382540319709 0.625784013812493
0.302505388853641 0.581713346701509
0.881039960998339 0.638163363199365
0.683663817406859 0.68219836778047
0.75343296537174 0.66959157232489
0.755727026423885 0.596369233873252
0.973483992336203 0.671921644269874
0.700217179176178 0.589758247325263
0.965405311804142 0.636831893256153
0.857701134372657 0.599542643761165
0.201972191944424 0.576865108811197
0.967943213444431 0.638561581009447
0.761498190879394 0.641695606619582
0.902979905846331 0.578816663974072
0.925899965886069 0.682356655325007
0.697345972998019 0.606707677922737
0.559320770567674 0.591668349598923
0.820186485347813 0.589557278350842
0.929848975147466 0.663247435307076
0.860629641308014 0.576463763343477
0.629500583796348 0.689936311652468
0.989339968235586 0.695813781578556
0.852767985587496 0.701553642608837
0.807089466401935 0.61083749482974
0.765443473355857 0.681209270064348
0.905211075033473 0.619161829998252
0.78624628069117 0.620629562133544
0.466959722174068 0.577107640520209
0.894727232280045 0.692489356904592
0.973276456195473 0.606597368969937
0.761168182569964 0.610670036529676
0.819439330851993 0.628300011118322
0.971383611673752 0.709091103534532
0.90237938585025 0.673863040798811
0.882358465869906 0.654950793995985
0.861879040909507 0.598727014200395
0.45348311322205 0.582624590208913
0.733766334425049 0.583363188279907
0.529810164846637 0.607306426656253
0.934424134431788 0.585688968161736
0.960200472733997 0.639292799092998
0.893533894325712 0.630714633996873
0.949556723078471 0.582794332799007
0.101351123249959 0.688856579946797
0.839771380869727 0.612658565570203
0.745912928387865 0.574826400054367
0.854682852636845 0.608668898410265
0.129135248767879 0.633827640752582
0.711592506872246 0.594212090071424
0.906796574447108 0.631091483866982
0.688257605105443 0.595710566712503
0.684816438013371 0.572185765049259
0.770857201545162 0.66688699111059
0.459227481375544 0.634333706584781
0.974984783070961 0.683787069537587
0.903943454505307 0.624785731968103
0.479458115080647 0.675963615082018
0.935783160571117 0.655517976894304
0.681790762002748 0.631517481875646
0.675675542577473 0.706710395285191
0.868484356915887 0.692091686518152
0.958419886912301 0.647795918066891
0.72958471832708 0.613767024731482
0.790888434412791 0.676996499820623
0.846791191680901 0.659289310888857
0.756332231402971 0.65469632776742
0.827420112424192 0.691259996136888
0.919602668274973 0.596687595680436
0.938405340770267 0.677676383872338
0.89276883149157 0.675853498167281
0.85554268310927 0.669781728182141
0.846824009204466 0.658229084829148
0.911459772568535 0.652607585449792
0.935560809699275 0.679801475661435
0.844893344551546 0.606498582323865
0.773494896864088 0.632957738174479
0.922389359685683 0.616967280924956
0.932563982260914 0.576510883868402
0.243077203592156 0.597285584243565
0.38893898386502 0.608442492916813
0.717086024144586 0.692126631607172
0.464078694236948 0.625816268655626
0.480914689623073 0.613846222051443
0.924087777929661 0.60954875806334
0.797089664597183 0.633956058161096
0.854568634492742 0.630405144248132
0.752136885428383 0.613173887583385
0.792810118152286 0.701898055099125
0.367406642682917 0.617074247527963
0.968543830688312 0.578183744125773
0.561236998648428 0.603469874628646
0.573608501085524 0.644185725490446
0.845486822730884 0.589163139257127
0.922589052137225 0.590789427440675
0.884705895728264 0.595340552344676
0.324435009096883 0.608965071783425
0.734678386864612 0.629712904664937
0.895015859300019 0.572313135402553
0.894245785899945 0.635837828924885
0.754094088685666 0.694674718108538
0.916730595037568 0.603434786742387
0.80276521229589 0.659929730228028
0.880582238121462 0.590521586500572
0.893533894325712 0.64544627944934
0.889068027512622 0.707383107692151
0.855088165828422 0.616028696425417
0.748891878794248 0.60464116152624
0.659889732194885 0.620296490829617
0.601822981678495 0.67822555983925
0.960983960494457 0.626126722584065
0.397817954710372 0.591232395619885
0.932386184463307 0.613674964400348
0.939219960872823 0.670725185770798
0.69885838088782 0.578996134852072
0.939098387348956 0.646924029372413
0.400125057355724 0.619468956901189
0.784057706320883 0.671334990782916
0.410238862606738 0.591112020844267
0.725990598769816 0.619720806574937
0.727836872004313 0.686533713618348
0.815140118408013 0.608119137731486
0.821205809475763 0.690377749317483
0.747015315662386 0.587534483619315
0.910662000351019 0.633437007120136
0.624290800278639 0.672144267767975
0.771305121217958 0.583558186678515
0.944238004789128 0.67211709801996
0.879177593082759 0.579507172948683
0.83478495054685 0.598001189251538
0.827316664078397 0.586026212198424
0.777553162374641 0.614176049034463
0.565114268867454 0.620322665738811
0.929327381743196 0.636189317514958
0.642528939925307 0.66334785942295
0.526206298017557 0.697959300395194
0.801944811908681 0.625459884047516
0.821053583832622 0.601825041064821
0.980950658126803 0.616073996852438
0.986967300862918 0.664024215041432
0.985608831936064 0.588139990818377
0.719112647150759 0.600517114258992
0.859593988768756 0.700116902356331
0.745774624727024 0.671050098429646
0.830949432148524 0.607537367650231
0.610648600115513 0.606931953432658
0.851032840907298 0.603164338262283
0.597958764507134 0.581573611686355
0.903759856862678 0.598438038773616
0.835178313343495 0.619506213126775
0.904827059221771 0.594596998262219
0.793992798181398 0.58988253989782
0.713426310301476 0.576838566790324
0.651770262966575 0.604423988049196
0.880277498729552 0.594717120735144
0.512443370008444 0.610530198456913
0.871445367183142 0.644632074699495
0.958011114787916 0.690780863354111
0.858725666881478 0.683737659975579
0.836803279677214 0.622766619774751
0.597409519915035 0.711900058246232
0.868284066581521 0.589579915038149
0.637630183582093 0.61554753426234
0.873280546785172 0.617040425027129
0.739956106019419 0.668224578326705
0.904669255345213 0.670497205009473
0.960264051188034 0.647157824970619
0.96188410967548 0.580817990406462
0.516956966354943 0.814824171359537
0.580825524592667 0.828991648519308
0.901855205776499 0.77585237317339
0.436699105447318 0.742982897146807
0.247697051011058 0.784899269351807
0.931504084547119 0.779202050374455
0.944874997064803 0.756567612008801
0.912335111313109 0.715173080496794
0.779536551036423 0.769443193598598
0.955108940520497 0.815729360522103
0.690781990902883 0.784588303292941
0.507403738900844 0.839265914416486
0.785987387828938 0.810955225790924
0.891450954758798 0.829628157617432
0.510437285762098 0.724417479007767
0.727324074854834 0.798395081812978
0.933195574641978 0.762003424007103
0.946756118102796 0.842384378066817
0.840475369093155 0.76834568066439
0.83489034908828 0.767268232477665
0.796138640010753 0.833245815885298
0.971762564418343 0.811582126872252
0.931048765957982 0.777152908451976
0.788285900595052 0.726045783748553
0.752956361811496 0.755167552067251
0.785165001684227 0.759717765067724
0.836663830862005 0.765309903502287
0.841618648903487 0.789027790283405
0.895504873947407 0.743135319310136
0.199548437353614 0.749096995060005
0.259895449143475 0.721559209040753
0.821137893375682 0.779974289112503
0.922491840487047 0.743508573873489
0.885206460894593 0.793053581760414
0.965046327857525 0.831806087440589
0.709430470453885 0.842413445492054
0.961998190845234 0.776161304099087
0.517921640745367 0.780298298359496
0.43961321721952 0.848332192854073
0.663663535098664 0.777228725198871
0.752329189085013 0.764413370673437
0.944021669255381 0.718174937662587
0.277147396555069 0.818159153934565
0.809755359609274 0.751164447455749
0.693791933052694 0.773716828821724
0.610181933367207 0.779285093987565
0.835505808383077 0.784818138744072
0.717073522467912 0.725928300647612
0.767555865983102 0.771320514582269
0.232247897727652 0.759518315911556
0.852858018851453 0.728565260953703
0.803136303040882 0.72834852902797
0.681758565641302 0.814948273642052
0.845396175861284 0.785277818875626
0.351098524940667 0.754972922341566
0.816295105996691 0.733179843505268
0.850590775634214 0.786801698050733
0.883153968483732 0.758071396171355
0.745055747516982 0.818729459101648
0.843842528328059 0.779639830228389
0.918073989815112 0.72856771596098
0.922338174158573 0.804015148835952
0.499557879315629 0.847968110581604
0.404672872593269 0.738253781588289
0.926282014559337 0.743061854408208
0.435948846923599 0.801645879778012
0.956700516845928 0.797487868149059
0.736489786820037 0.72474908281552
0.928811595627094 0.848241331248223
0.919602263667276 0.72956521568279
0.971413948697 0.80296759325887
0.558754183005413 0.75494694400406
0.897203375804073 0.813888091986861
0.891247768664212 0.73831059047699
0.279125132694928 0.726051748525423
0.945089354279648 0.791175838900903
0.937065222885815 0.756682527289274
0.891311829194198 0.754608419176632
0.666200071738482 0.853708399244826
0.526799093558562 0.782577314676376
0.874261847696928 0.847833828039175
0.960268343384429 0.74858567619853
0.746793426994978 0.718426999802508
0.52306418738144 0.798711401007245
0.874312041507176 0.805537344701886
0.669598158512011 0.746011458541851
0.931762075170795 0.789468016103536
0.543486879619358 0.716908130253208
0.915248044458325 0.780747203976261
0.835477950232828 0.778773279563129
0.738059071087991 0.77543902460833
0.81529709240423 0.778930354058165
0.801217308980431 0.724065922920447
0.585558428012095 0.791149777680102
0.674917042875017 0.719404066482966
0.748497438438803 0.765595365180164
0.467690274221618 0.803804555778851
0.928819428317854 0.722126575902039
0.902471026090846 0.777715014418358
0.671090736861379 0.821218129319295
0.773035461968466 0.714295578327703
0.208631118373103 0.726411651992463
0.856129818065463 0.810886603152044
0.363762938683634 0.734461591805672
0.782717442981699 0.74973470163589
0.960529784512969 0.723865631101691
0.752364066296384 0.794997177258528
0.871414331847828 0.818942922357702
0.642167945461139 0.776091734569837
0.923092419808567 0.728299775406713
0.897238714061152 0.771003585554121
0.963285922278496 0.788993211265693
0.364359040189803 0.744078089778756
0.784901985511057 0.764118216711867
0.557653037300633 0.781570676658767
0.755782491626731 0.850117486096103
0.758602770204712 0.739083290076109
0.911299573558398 0.775735298188607
0.168876888541255 0.849556496261639
0.429397543410252 0.843278006949916
0.874474998645603 0.798871104580661
0.662739471706449 0.769327510881158
0.923105795316765 0.737928558130799
0.395532557029508 0.783792599741285
0.678613270301195 0.807431764516408
0.66217935343706 0.789233671088843
0.710310179914823 0.75241883406716
0.941846751197899 0.832412340390982
0.341153509145981 0.746041524062518
0.702641112326273 0.823381048424429
0.908762514143018 0.717043853878554
0.794212514043334 0.795233549402155
0.364599111509741 0.733309538116738
0.61562813997575 0.762626367236339
0.725665692567878 0.732875060396058
0.886479347642505 0.74452349019827
0.749849798249074 0.737601440605588
0.628001883512044 0.728623935308843
0.960062508751471 0.776605613746398
0.865751573409223 0.752623314909821
0.373219017660762 0.768124164078835
0.871222075907516 0.833875912222407
0.706270108450354 0.761731354246179
0.915501560708559 0.802626131694449
0.663173044531866 0.718594469341748
0.643893731839256 0.835036204940292
0.746564485470651 0.771889829845089
0.855442049725316 0.764308924861118
0.452698663557805 0.810239255207286
0.0596866480002416 0.822022583523414
0.896292523071049 0.799341974074908
0.959549376924769 0.776835595035301
0.747146108331261 0.751418132551821
0.885531305941581 0.7910354025426
0.854742345466899 0.754201230405946
0.903897036622375 0.8057836847104
0.745294128272282 0.729773819929863
0.523728237250405 0.729438617410211
0.596122599462983 0.76614219636686
0.904059413243788 0.763826139107898
0.859678314997965 0.80614950075352
0.957857442692295 0.71744087418311
0.776137118840619 0.730317160089157
0.839611027065743 0.72031693797556
0.675570425245765 0.82424611097589
0.852780650367091 0.732625392628994
0.908139246406972 0.846507997982465
0.935916313505147 0.852127750823314
0.640241953693164 0.747478156648958
0.966558841008423 0.714684197385977
0.828564039959599 0.823073015850279
0.808609998112625 0.784596857111523
0.857362140846557 0.752375193331703
0.897881558584882 0.816025101859159
0.863032183561694 0.75716565912969
0.379900071912042 0.787634796792591
0.598012945510283 0.845117261009195
0.125078683436892 0.793165415991803
0.746364856117647 0.851648282924667
0.722888590146238 0.785219972499725
0.602266610677026 0.780760646897833
0.33362842771175 0.762913092401468
0.751106541051214 0.758150028644024
0.912919913108732 0.824685924040856
0.592203397372254 0.846444080682534
0.750493977106105 0.821242112950695
0.8944668873366 0.84071361033132
0.827172118643235 0.724288062187928
0.77583223580844 0.757099512059033
0.974633084881493 0.756813168258476
0.340748567961747 0.719655125082723
0.745326402763599 0.8026048507845
0.364355067209502 0.815444819470688
0.831582987748003 0.736163221716215
0.96782141514102 0.777487334503985
0.549696365719162 0.74488844458398
0.849839624960599 0.727729526321633
0.87869408024298 0.792732180179513
0.493722981021558 0.766943574926723
0.744362621590948 0.8536397978576
0.901273460289133 0.853782662603479
0.826466386702561 0.761205110191657
0.953370028124688 0.720203442443071
0.760591550067567 0.755471958334457
0.9129347281851 0.798950162395871
0.725952963859697 0.72361840564931
0.541792505100807 0.811070888517363
0.65259279048435 0.824962178969128
0.501171519301268 0.798926990591848
0.929266513174098 0.737328022314435
0.770243227854512 0.776584580517238
0.732634593514685 0.84453299431424
0.814529772666323 0.842116552122585
0.941634020404527 0.756913396151798
0.886373278863229 0.777154782809363
0.354622141352928 0.738638105452676
0.705126204267958 0.837287164064734
0.752330767690433 0.740563744587507
0.14109890461249 0.838097125203284
0.636597625011604 0.723482052950069
0.764670828145718 0.781320184584408
0.919687674599822 0.742309429637063
0.615834434742443 0.844810296846562
0.839772503462577 0.717683669162189
0.577447499135629 0.738515527226909
0.760214050090536 0.740112118727318
0.678182284314496 0.736548259129751
0.959868437785145 0.741698432043083
0.903189015016643 0.855110903861622
0.718417488454018 0.723323738148002
0.739013986088174 0.840420657072768
0.748464350733087 0.834930561551078
0.692058650125983 0.74113715295409
0.7117986125808 0.734755260501811
0.725559787784748 0.72878275475242
0.864285494251106 0.750758523315978
0.932403402527343 0.76997258032219
0.649010750573795 0.814791399343576
0.788340924547692 0.737601440605588
0.779936409601152 0.746318747437673
0.840949471040375 0.75096895834631
0.501551419327561 0.715894062305628
0.88632857208825 0.84172853039688
0.680909344073348 0.844172822962442
0.903629630284266 0.786314636220118
0.68967102770893 0.840805390908275
0.646137588673975 0.722745453539227
0.90668162773278 0.723862020279621
0.935899381956908 0.792300007724227
0.745326402763599 0.728269699001987
0.643941743771736 0.767504479764072
0.104800761074608 0.847232977493168
0.892209136890176 0.715055637782196
0.692130503542776 0.827753430793592
0.686197782938164 0.720675433861209
0.815887833824519 0.744384530561332
0.771506162546481 0.811474540380345
0.876214313920028 0.831709225576353
0.815547038457042 0.790046058330391
0.66968335750726 0.852562651271334
0.755063483443112 0.734257757581127
0.649992542741624 0.819388439688422
0.75936735664143 0.725398783014629
0.936932767294035 0.835153758650589
0.640901763046244 0.723856815399162
0.941185558914172 0.811419915953563
0.814300647708496 0.738849836693478
0.913850322237662 0.804045373261213
0.651155775948322 0.725644948902397
0.833803048998824 0.769549755083139
0.501460121799166 0.770297719950583
0.808115050942019 0.853043369142522
0.831005783172163 0.716473845524058
0.788738851136106 0.844985984388288
0.53886833740623 0.752556256632147
0.323348445733301 0.724178542578933
0.282272211414908 0.842562246923086
0.887387156950812 0.766211423412246
0.949973050744381 0.727479213995315
0.907033798997741 0.740634281875633
0.534662829537681 0.831607259539957
0.915603417204209 0.766943574926723
0.910018992901222 0.83157266818995
0.748115298559805 0.793212571562126
0.906705125470913 0.847400492410884
0.827585555892051 0.748183839018848
0.818363570237102 0.845917942406562
0.302030248940925 0.772721142914716
0.627380864879602 0.738967365738676
0.297201865164751 0.768517046619053
0.747112768108387 0.793426385441089
0.746926632897141 0.752708531867164
0.724447101532645 0.726220981974161
0.25444231736393 0.731599095830356
0.715224160615554 0.717426035368833
0.496699421335265 0.734105074361157
0.963315448725345 0.833564427952525
0.925330380239871 0.821936123908149
0.120656244681499 0.715236144538923
0.389520694264387 0.724877769407173
0.612347398353292 0.733087278684758
0.767421856062615 0.841847337636048
0.837744381955285 0.745254280349837
0.337582635719505 0.80155171023518
0.898099302731703 0.785120148917526
0.721557564176571 0.777477940786584
0.927444928238097 0.745458359085949
0.402739698274362 0.811103579459177
0.65567741203807 0.803809336098667
0.614215331753277 0.731927639421784
0.679781449608239 0.854717571502514
0.769241080795581 0.785117510883988
0.548862990055553 0.71529236242156
0.914946586420203 0.736683721473931
0.814389852107188 0.783243427556951
0.536210770551857 0.779920564271996
0.291560282150717 0.791292212331733
0.36490024271103 0.856830598399859
0.753414467581741 0.793695381661668
0.971877215834509 0.829453557273396
0.640145208964975 0.740630887059843
0.31092768364865 0.802689793925325
0.854829448564431 0.719172097676576
0.935875743164308 0.827261964946761
0.842007708618282 0.721577195500448
0.910987429431174 0.732127185730989
0.81192865562042 0.841879430061027
0.86557176417481 0.775487508451009
0.793955361985266 0.847936840413227
0.722445192981358 0.72151376826385
0.860198584703136 0.756637553215578
0.711474590777121 0.843303857105086
0.86439158584987 0.822996036390892
0.787525641750473 0.767553223133455
0.744729966123142 0.842562246923086
0.948530556828392 0.752913580394447
0.931485068436409 0.76739630543116
0.885935902571939 0.736030838264472
0.795682949969379 0.761116431728323
0.961544113715102 0.787057802458951
0.691831555089028 0.77460765865697
0.908400771020577 0.850422828868756
0.807581213720502 0.802993303652731
0.765347022008748 0.836315836141477
0.931786639180988 0.733599021628065
0.87916580834846 0.725840641598608
0.912786070058256 0.720158214219181
0.89659812158458 0.922583937357671
0.851357045628478 0.873973390954177
0.720966257327495 0.899836505246152
0.597415215767405 0.933263423178741
0.684239732944786 0.860100045689815
0.893612903252216 0.904538518862671
0.854324099554777 0.857536056859345
0.952576313606799 0.930671038720543
0.785839466819907 0.908919755465674
0.429606270174104 0.86095146060641
0.92280587041882 0.941745051093041
0.898447249793062 0.895395218316465
0.732229297275419 0.88654646353957
0.366721006911232 0.871249829285111
0.915850396344042 0.863279418099103
0.893625318829486 0.884660087914148
0.907623395099519 0.893526568892712
0.890076514894976 0.90560789657038
0.891595536202917 0.858631407456307
0.819996558206714 0.918886068097533
0.913145619458327 0.881260800360264
0.946123957500768 0.88333231067791
0.696001840248848 0.863713479886685
0.560240060899839 0.964619488550036
0.886986699518308 0.876718389000928
0.887785995070894 0.880841474722975
0.941764740725155 0.910969337337081
0.836861155172835 0.905345383071951
0.935603087603616 0.866869486376941
0.479708934075996 0.889284139236232
0.884749072625846 0.956140352024106
0.503983514318161 0.905014709143926
0.465101172538452 0.976774021688536
0.727358404559177 0.891233793624209
0.865040059218466 0.896275888768653
0.886224477810048 0.870229828744334
0.946147740642669 0.911495018278627
0.843651028957213 0.914426698125211
0.212613723560926 0.870671056691556
0.672428026142504 0.904700502279351
0.605584729263114 0.87751537677957
0.823838119490287 0.859049455737328
0.762293886807781 0.96559070923454
0.901258859901193 0.877119683062734
0.872974857785487 0.975719868497591
0.918354246305734 0.866015301700009
0.953923094372329 0.871845209964432
0.34554766881686 0.858474513589764
0.881451665620462 0.871079114861572
0.618865143610489 0.86428749613196
0.628451237706592 0.871591925830168
0.652069525759587 0.917942879967151
0.865837243491903 0.932457752752398
0.939285404092683 0.898955152614891
0.39040689456589 0.927308873176533
0.615274001546826 0.943809134521621
0.749253899466204 0.857454211595222
0.549002841278184 0.870340870625768
0.624121017340687 0.907547068380983
0.82784882929228 0.889911889809279
0.830102942966088 0.944854269190975
0.930357170547352 0.945371129722824
0.948751179505305 0.886245440652743
0.536488145827602 0.891894715362663
0.424777903020331 0.897912507703646
0.659229862528011 0.965336896241952
0.890294863735064 0.873494287012186
0.507358540775091 0.865206002545051
0.987667639420406 0.87217646916775
0.780379329050736 0.883658277925946
0.935220617380497 0.86595903993902
0.797684681744191 0.920533932931069
0.837295528735791 0.936964750854248
0.562182496700235 0.93419266727647
0.221964706446865 0.881558523348436
0.59697521758735 0.859676667806084
0.664971221763199 0.919863524556099
0.887856623799902 0.897888857249355
0.938399681135542 0.908662014774128
0.759093827936832 0.94386328780458
0.553809045730393 0.912401014228428
0.78172311881292 0.932715461766207
0.475515824015124 0.881318205501467
0.687190661651693 0.87773882781042
0.450386133671627 0.874314902620759
0.89918832563517 0.899836505246152
