0.450411706513955 0.135413262260439
0.927692992597627 0.103781644210218
0.600536874969903 0.0659303003317738
0.927909565434441 0.121862344512743
0.910281705189882 0.136176772605786
0.901517518186984 0.139514662555208
0.969184944002564 0.113975835951497
0.604055336126388 0.092321826192667
0.875315272308847 0.132055198259
0.267781215394816 0.0838840899557744
0.526103827349147 0.131608212449734
0.916113810184922 0.0722704868401104
0.847748013793443 0.0564173618216802
0.869462725581016 0.130921434496142
0.405982509928821 0.0969085369742144
0.646961129648266 0.027986236989601
0.573998606726317 0.108172085018951
0.945930002647813 0.0769549792155442
0.781233869303541 0.0794838992766298
0.339487971550032 0.0498406989098567
0.172731782184618 0.0650308813741005
0.6194354891579 0.13537512525009
0.662901338353133 0.049678959511811
0.781257646494693 0.0539857557653383
0.954707777458422 0.0871794539283694
0.63165421965526 0.0867525983690685
0.325053384396019 0.13498686775634
0.769666719387478 0.110312783595363
0.580643679667747 0.147365542438024
0.814658202191444 0.170680193470091
0.566965718905313 0.169257328903694
0.740166737552812 0.203427574051481
0.834934866146812 0.274972173820869
0.652622531452653 0.274000586101223
0.771686052134861 0.205403768854064
0.909821885040083 0.230108964521111
0.757767145007836 0.22961435530537
0.9230745239144 0.276460347662302
0.64883872054986 0.258381823326752
0.55710931181832 0.214368511381249
0.806953149908779 0.239480125208567
0.562227976053013 0.189330561865036
0.917742076045173 0.237737872126205
0.32705880547034 0.284791075944987
0.291736894466328 0.191447506918331
0.952038851902913 0.279953397811959
0.68926687927867 0.253244778659245
0.780277381960082 0.243029849651405
0.718038231118272 0.225121501247658
0.952002155173861 0.271931491842566
0.909496122307402 0.278637951728634
0.796462911063262 0.197483661291972
0.588958800269451 0.194068868905245
0.844650050915456 0.250506843025718
0.912148766212548 0.184632825400225
0.609123288287669 0.261036088019783
0.888920893483052 0.255128072511282
0.876885742606508 0.159330695361454
0.969459009409716 0.235886447766116
0.782475927125156 0.144522991211848
0.990258611294231 0.259918985503583
0.767849213248006 0.154528994016752
0.907538714086085 0.177085504882229
0.656583348574757 0.261443720255294
0.439235672612829 0.240704873312733
0.517675929507168 0.272804867332143
0.812892907144506 0.241256128886302
0.746984842065255 0.282858557732759
0.457717743555913 0.182895896936509
0.943678340281079 0.250472042044563
0.878495889253749 0.273245027956625
0.967117179584483 0.260401447289759
0.586664036735015 0.157312293781909
0.741214630715401 0.263832348200074
0.718805286547586 0.2142298741282
0.903934746334936 0.198372406735784
0.695499980662055 0.207610598527098
0.892482178335618 0.25744183741086
0.194856519392772 0.218041286529159
0.952521655746577 0.242142846767248
0.937782789184886 0.204982626372537
0.132659215879226 0.207710262737443
0.96542176548118 0.204442232405312
0.824921294894215 0.233080792643237
0.755636282499501 0.236268941946572
0.847563761945222 0.157230928189008
0.781893157434949 0.238005999118805
0.814481834545148 0.19875911609584
0.899942548496118 0.222514429596661
0.216866698416638 0.171011302564
0.78544220938109 0.165955906260088
0.280296624875843 0.269397143091488
0.693913062573097 0.251200533256652
0.467547658072995 0.178913435024764
0.784685491451869 0.234210163643275
0.864084602147959 0.282837968680777
0.871492813725991 0.206840716685592
0.876198712513791 0.26116158887988
0.530561718131291 0.170284311817702
0.947623243445598 0.226473734668444
0.885629374821204 0.213501918331786
0.537099751202049 0.209044107793025
0.554650196223114 0.216586954569247
0.814450192474194 0.282046113577395
0.703803393750619 0.255932450168324
0.737934593626464 0.209707066160768
0.288964825930126 0.172943165565467
0.678634767341653 0.242017953379516
0.761868332816693 0.196981911002315
0.791451916816892 0.273693661576761
0.958249589435468 0.236108628797744
0.927017361432647 0.188717062606185
0.802948298676106 0.242871669708563
0.322074607055299 0.216246645556453
0.290425096247474 0.23937634573253
0.797964052160458 0.170819110528366
0.824087919178531 0.143755502849066
0.885692602493449 0.247201218549823
0.711483749691133 0.271843888077492
0.333036730841504 0.28202847541006
0.8028205378651 0.265626938061412
0.285828100290408 0.233425451096505
0.812759321684807 0.247896729765984
0.64952410674749 0.232667721038335
0.713309390447072 0.215435816706846
0.733240614554267 0.282651330199281
0.636832670071397 0.257384244992486
0.811328583877983 0.279266793303897
0.549598622011279 0.153289161316171
0.513071354449688 0.199209662223355
0.701801661166391 0.207710262737443
0.681559500767835 0.178570141047197
0.628567001904488 0.259291310784241
0.759642574321961 0.269810258529622
0.851601041271017 0.264471230936057
0.641798812817908 0.231573342636643
0.619177969248273 0.279170215946225
0.725760661086853 0.172612659163852
0.712185338977122 0.199050109893214
0.707380049612956 0.192540496056087
0.573468178167513 0.144712581810261
0.898482879222749 0.226273432717921
0.368753494173859 0.27398919817371
0.492567572638952 0.278749464319421
0.69344893822564 0.20850654853604
0.883121283341918 0.278831413863363
0.851972671967645 0.202363256454881
0.680751610676583 0.143124588636418
0.903630808617309 0.183879502552959
0.846270495745262 0.284621058401914
0.179181683324186 0.258229947060554
0.897493022875973 0.266056182436715
0.383251804792689 0.171329580514696
0.639317189236246 0.242233810905839
0.244954587431207 0.224456453404602
0.796462911063262 0.28224016267697
0.160712884101016 0.233791820714423
0.840835985081837 0.152155093060394
0.860662216260931 0.255256664068033
0.846742870220307 0.215224123618259
0.62721115785441 0.269340086082562
0.502417466015484 0.167850234249751
0.552210465841553 0.172943165565467
0.327374999940539 0.27049807967585
0.700677144154021 0.208312213184177
0.456628255111257 0.152427409021392
0.53889509145715 0.161938722118566
0.898275766398147 0.156873017639703
0.410373743744844 0.221984668300231
0.857541265688872 0.227287282162018
0.889356612361022 0.181250235721491
0.30423309791607 0.223170966266037
0.463947255163089 0.168084560045198
0.916804658412091 0.278177894872357
0.486196157803548 0.236507556119318
0.44431144714687 0.247003097283439
0.924068559760252 0.280960435735905
0.746802370408171 0.277451025435146
0.283699444451994 0.248220739486873
0.585637801926036 0.217615411642897
0.878074641476975 0.166296022682352
0.334845150081834 0.155048647738792
0.762347072582595 0.282689811225461
0.927778093782135 0.280215354242299
0.553084231487375 0.285700297317755
0.67378792477105 0.172047974094658
0.493269610730376 0.177590705958427
0.963583553863006 0.244786821444864
0.544252719220135 0.231370959214942
0.655915345183938 0.171599571196957
0.869684171038525 0.391925627012092
0.41345729790863 0.387268194438718
0.710530913849024 0.417238160688282
0.679514347323202 0.385184145365539
0.95740589101586 0.426227693070583
0.777195740464943 0.371758217223457
0.886689871662157 0.291818960293885
0.67972316064034 0.335870667298417
0.879447782742827 0.349506391477454
0.7721683091368 0.405316142107893
0.808818207566866 0.39488058135606
0.411888033976512 0.320316008910701
0.873685616391763 0.303282607582295
0.880008494050514 0.388693541055871
0.920531473699579 0.332401222508724
0.722044094717898 0.380204093188526
0.92945640790095 0.302686074678229
0.625532298689815 0.393809368490368
0.894118758763739 0.305004732213719
0.850381895773859 0.347114446055369
0.775586539781439 0.403627629652888
0.78409979627865 0.416940721497082
0.617156668008278 0.345109833813582
0.938572011985657 0.374782159024898
0.777187803829385 0.401623398820812
0.51214691777189 0.322727008888178
0.256476764459339 0.425024973844763
0.937830189515978 0.3179369788256
0.536173417120874 0.428017772543628
0.920497104289323 0.413226513668463
0.957834800598295 0.407741443889219
0.559341903045995 0.385577892432735
0.766035193033017 0.419610502539235
0.980520981048315 0.348507086072084
0.568608530088252 0.320713479099737
0.797840830129324 0.408882331297187
0.912411159187251 0.412135736942723
0.885787662468526 0.359678394820133
0.757788999879002 0.377517529967692
0.622344264964832 0.410243273757088
0.61114083930275 0.343598126199668
0.956020882180945 0.424658050032194
0.401845012237749 0.417855427381998
0.803563356563036 0.404326241602912
0.685304295951169 0.399326573657314
0.717467519186848 0.372140902473361
0.676025145475751 0.416964003831678
0.866100839335053 0.32786866340746
0.106393404675033 0.41021552170471
0.172291637353206 0.321099569827877
0.747553943736108 0.290291811006953
0.898346315298104 0.39098808083536
0.267756374104182 0.337472966004951
0.897934243799699 0.386249854434993
0.702718627169874 0.41690518271515
0.827091988349305 0.407461002387321
0.987042813084539 0.408154666233579
0.914166528787579 0.372444224377639
0.759789562519688 0.399253738878884
0.927823855513237 0.360080231793462
0.738212012506919 0.368416151053763
0.505343201010098 0.322927430944349
0.77883402801375 0.344502932152922
0.578419987351224 0.296404283788887
0.74941301094215 0.419372239344038
0.352333786491683 0.364296450599121
0.816071560335373 0.394759776126893
0.911616133546972 0.309585181887059
0.378771447288614 0.31232454107059
0.886616202937426 0.388078502961042
0.100007534943053 0.301319291393425
0.466790424134425 0.337220494484095
0.925385148223747 0.353455993152793
0.487194026347048 0.301430512084656
0.977170172079437 0.422266331343367
0.965038002272001 0.289855814186482
0.736340192816763 0.389970001766433
0.940328855960217 0.424309147379989
0.657972102682896 0.348900982375062
0.484173973232001 0.385221316862833
0.604337449738126 0.321038363217741
0.424049801736622 0.347555874666138
0.741666280736523 0.382891083235392
0.268793663766047 0.288399355320972
0.404605504599202 0.291444080666006
0.914611854997459 0.322039352549825
0.936293382986405 0.388798446468668
0.201678837529333 0.422491952359899
0.676829838341967 0.340285254550149
0.721491650184158 0.376815060080534
0.850353959896709 0.424640434612029
0.949872475100261 0.357301658294102
0.616689818791939 0.324830575460757
0.187298730909762 0.415767580897078
0.314231049081906 0.346440785699781
0.681083353024377 0.299558115638584
0.756097316413175 0.301473712535529
0.354715715786488 0.377056830152706
0.734029591497367 0.386690855152391
0.824157360559982 0.340587001914534
0.76753705408413 0.302827343522119
0.506795960213761 0.377855228265317
0.380035740520601 0.302947384606816
0.692142554161354 0.359993396728064
0.438091308347044 0.397349844231964
0.762143420978995 0.403619460164688
0.931659511848741 0.377609052687578
0.840569572732892 0.385907521677685
0.924993524141876 0.399150181349348
0.885205914012436 0.417822313751622
0.783080442573788 0.374234383591064
0.963454883153992 0.41392807020449
0.780455412128553 0.295087235108685
0.948728703221786 0.369450482437381
0.953880247944263 0.379717044196045
0.735276643408931 0.358697745353957
0.328251696234936 0.374462650907698
0.928292894642735 0.395952726268939
0.782597062458952 0.40988648141427
0.565809572994138 0.314774264958896
0.761322817845579 0.398516435521731
0.558233618985062 0.369637809415261
0.877598821907017 0.297020774600273
0.976881351850074 0.35555610844489
0.888408198716199 0.34396970358566
0.725462742380679 0.354472218079634
0.697890811675702 0.294254950634236
0.673404217833103 0.290716883910851
0.286850566372211 0.321214797674961
0.497363747123673 0.327409586938669
0.760350750482278 0.312360572962932
0.854146882551496 0.383153099646818
0.966992431742505 0.352155124419538
0.698689802962446 0.291617054727196
0.558135817897896 0.36441448312631
0.520903936826661 0.28640915843585
0.647510695020534 0.365963390307801
0.709250880161458 0.388255879164574
0.978107204381497 0.406775643443628
0.962513569527512 0.406066759706896
0.844632842106955 0.295157197639111
0.41343347235459 0.347278664155771
0.896381145227914 0.399958590238558
0.759313381409954 0.370827617504725
0.8726122811132 0.377716013181986
0.853958518189632 0.385727038180745
0.844022256495714 0.287476399954033
0.806088964967583 0.426310900921647
0.157459499931372 0.347628446929579
0.932945217346698 0.30637778832115
0.799608011492368 0.380867520964813
0.934121990115395 0.324491585316956
0.698905855573393 0.326744149689957
0.514690691098374 0.33214028155734
0.950010556337066 0.375684123452193
0.874673747600228 0.316895788883637
0.941688918176918 0.301422553106373
0.713115199313897 0.418351125623721
0.292421135800578 0.365483606752223
0.771476260730428 0.28640915843585
0.643269022727488 0.32377081875916
0.951819233952541 0.393012493815999
0.825890112364983 0.356930903762734
0.468066619654364 0.42560814926968
0.8941345539278 0.388047701835842
0.827639365939223 0.313152996098488
0.878294594360525 0.398516143395149
0.958528212617992 0.406288164240343
0.795750146888984 0.386513729036092
0.983057832118024 0.391608344283376
0.712205768461829 0.393210920193451
0.740364037577165 0.342898041070449
0.511183676345349 0.36182342266845
0.295452068345592 0.345532881319688
0.763819587448609 0.38445427318137
0.144124394753817 0.364046087842663
0.774911177524242 0.383297334891002
0.913567582806854 0.399249050234886
0.61993571951366 0.425760537986934
0.190089811660261 0.328512179842531
0.937093271772339 0.316800846746738
0.970776501223326 0.390531725788996
0.886836913906347 0.426817435880195
0.190826419005814 0.306935106712567
0.67552009327888 0.396850909595168
0.468148269886611 0.409534253342817
0.877115571846042 0.328374711378404
0.555458913176979 0.418296078372361
0.616175070446108 0.41284159722067
0.624126084795727 0.347732509486157
0.850081965082488 0.369150975986046
0.618725714541956 0.369526215888898
0.618673132798944 0.319219718037503
0.612243177223277 0.356022051857036
0.952031539236278 0.321334600525201
0.525362942848407 0.36266193236475
0.744743822845066 0.40453420995715
0.590584367546487 0.398887809365165
0.896981707933267 0.322060403373119
0.488035182587244 0.299817223920518
0.671239238634537 0.308227360359356
0.800467955117326 0.294004270413929
0.842168754379338 0.306516006536587
0.887781396242363 0.305500730834481
0.852747030737763 0.426227693070583
0.965542561276594 0.376123438454094
0.978616945026901 0.397718166379979
0.791853103389607 0.392111840092168
0.612986270441562 0.426600175552608
0.684134185750684 0.397271800554979
0.967305898944888 0.319551927609398
0.864227658214069 0.406881460662145
0.718311634113367 0.424707565331612
0.88598554884845 0.377741588849316
0.934787262294461 0.386711433148141
0.960579724834098 0.370354275870043
0.860984516266994 0.338134307266098
0.723307344599167 0.389235549676187
0.670199373370235 0.366484702435421
0.879048323373915 0.309680696244153
0.897293922830921 0.375077386003903
0.573118727584263 0.394535863700795
0.960829924162375 0.369721857088185
0.800925855950713 0.389361882763328
0.893495606629516 0.368502472861928
0.794790667198239 0.367104417215045
0.691248328714196 0.349777322826844
0.869590960236211 0.322188004298931
0.419912327667145 0.427272568442872
0.151844016757268 0.397749703119017
0.910982194151723 0.394645307967683
0.416792362602346 0.351763342563729
0.320324027602692 0.408318180043707
0.958701788597514 0.351929375626185
0.981906013741384 0.312747409838169
0.394067051890117 0.414748557587984
0.946267948441486 0.389126357411475
0.52763096339141 0.291594808497162
0.726828608261464 0.394011896112978
0.840479643621234 0.399614536640357
0.666296050630443 0.363994297262956
0.71047691354999 0.353289313434926
0.90768830029446 0.414923067235176
0.331897317586943 0.417970868766714
0.908161550461136 0.350777371791101
0.829009739500836 0.423429352654484
0.741590790583295 0.410498215412269
0.905667364919328 0.339886242308964
0.875815706230125 0.389457806847149
0.764952337616082 0.369857855452682
0.331510615322158 0.319621357346759
0.770831212643968 0.330225791960128
0.95189583977501 0.289461351599114
0.679591522158106 0.319784917125594
0.580490769855426 0.295213093229766
0.357590463065905 0.360129516325294
0.750125736893973 0.304085698780488
0.356016290873825 0.311154071286206
0.875813603776211 0.359733215336245
0.913794200782254 0.317368679840807
0.910347629878353 0.394077266332963
0.551790860002523 0.3522521332449
0.895538353085518 0.415931940483506
0.650284825471797 0.400754305612129
0.583385882551941 0.407570595413664
0.576968158412596 0.427143522010582
0.411489950714699 0.379968168686277
0.965829503163597 0.308252861576906
0.925016656138659 0.306133167989986
0.575717735475274 0.4115805374181
0.710415503934483 0.42560814926968
0.289263941803142 0.326404110798975
0.803296241738665 0.3403767903595
0.82421874248077 0.378878432982
0.473919108129127 0.398487657930724
0.976114755312992 0.418945312067705
0.939108404254874 0.383535728593096
0.87980992874997 0.32627512411777
0.82119382485277 0.401040044755941
0.664221163617627 0.342304512521799
0.544329379218853 0.397771718657781
0.763614009069459 0.331891166925186
0.332569800317398 0.416571303651876
0.717970706871828 0.398792970431718
0.87191649199878 0.325894154169083
0.936571971406587 0.295658341149974
0.807396481223759 0.418648411620364
0.740531543934869 0.368745903988692
0.68683026852159 0.406538224474852
0.407719871656572 0.425140937534059
0.961378502663934 0.350794068246496
0.650200328806175 0.285894441559118
0.835292388865805 0.41146763950532
0.808701360176448 0.396493598603108
0.180436912670106 0.341549815101027
0.856520950399623 0.351207947232612
0.523380729534445 0.412191404914793
0.959860511732005 0.296425654078617
0.871519878511209 0.425063869687087
0.889814806574678 0.397463178176478
0.760190860317015 0.370662894428574
0.928455925441881 0.389409814071969
0.966644615456038 0.418353832824373
0.829988884651384 0.38098432999816
0.872632400205104 0.381960970715094
0.433447668291735 0.312550906420234
0.12082661801761 0.418295403242525
0.571963901395401 0.409660832976887
0.746142089896107 0.408957882359095
0.974205335318475 0.412075072996847
0.641315676136243 0.42617086623587
0.755701448503156 0.415096969300477
0.810340574649125 0.297250278644476
0.892569904977951 0.375249732500464
0.508955059605134 0.309092228797257
0.874965044409548 0.299327223261489
0.264434398475449 0.391168881932857
0.478544368208847 0.357316386697163
0.458859642687085 0.383274791755218
0.740980555016513 0.308859168301938
0.894301290777463 0.424961250026975
0.771551466783224 0.386641467076405
0.36624615809958 0.367303473819621
0.703491367051264 0.308819209366698
0.959163547187714 0.351408625169885
0.671847863483215 0.422969023322631
0.722860786342763 0.395719351838098
0.52805908425208 0.372865432174437
0.399303774166463 0.29722182799591
0.542954356702891 0.329968632210852
0.89394483296423 0.377616847922583
0.736309950704927 0.368460881196166
0.411636997211081 0.304103289474842
0.694671668288749 0.39235342478252
0.930237258533506 0.422916932735667
0.771422311197286 0.404326241602912
0.851433348697687 0.349873752849633
0.271185246619627 0.344325987332446
0.881869401752202 0.325673528676703
0.734803016701814 0.398280417931538
0.726697796456292 0.378985874306692
0.895151104439827 0.453957679716671
0.424764025608638 0.539973266324944
0.950946159899248 0.499158979758877
0.716026867106412 0.505536230691678
0.970707148222468 0.435782840327438
0.829631195324678 0.429347398965803
0.490325412251192 0.466188767493704
0.945304243320716 0.441269227254984
0.361006754792095 0.449836612276812
0.643826892144656 0.523386930229407
0.854707378604904 0.476538667382089
0.768089371109484 0.436107940806864
0.951886964663388 0.508862089489168
0.576607085785591 0.47066816930211
0.951882587492415 0.52034261377618
0.841830428034447 0.488105285727949
0.85224235872076 0.531336515274867
0.414996351798816 0.569086213947067
0.848119330145997 0.544341110562796
0.666465035303592 0.428759269636235
0.690648998456734 0.439238041141214
0.959280076105247 0.56248793345838
0.840821798482114 0.562793215084375
0.562865871105196 0.497530697433769
0.464559562140394 0.513646081708881
0.621583698841096 0.570116359079202
0.903000347638765 0.51150155661292
0.796341485735712 0.571190362282159
0.916203126865648 0.44026145132977
0.803190557580878 0.534641603570891
0.814413192769081 0.556434308416741
0.880983827641617 0.454664702997558
0.802069845991164 0.432119245356996
0.947654497131465 0.499112511999507
0.211645301745819 0.435877271977323
0.824971902797132 0.506602317724243
0.701090077169722 0.438634131983685
0.988244459922711 0.483651293467744
0.309565854483605 0.49500073571231
0.623481520714756 0.548259886886703
0.421050441275527 0.506221390873191
0.669045403930388 0.504005608009748
0.811322137112425 0.548005511502687
0.924192678363807 0.500124275704693
0.672513380854559 0.566615836914281
0.810973741555388 0.435867195994851
0.588682360865521 0.533477894263438
0.600110131871118 0.518218611311836
0.955492881738208 0.476814850562461
0.799592528181905 0.484810082461553
0.533828780451742 0.445997450448332
0.619231315143438 0.444556922431834
0.903000347638765 0.498275409903865
0.220289783330448 0.557278047345426
0.750780530008314 0.536638834432931
0.36677131814176 0.543853772173937
0.222835610162332 0.55524102858508
0.887300195135343 0.501550680486566
0.778891717591004 0.469015403747681
0.869297702820608 0.555296364769559
0.875488208759524 0.463105319970983
0.418046622115349 0.446582464781235
0.781349335139393 0.526303847086513
0.28613425666466 0.468681374540359
0.783846378596156 0.436076798611999
0.692869370140075 0.490757385799571
0.775933284979575 0.548459207271713
0.898367747666573 0.449248151196636
0.45959909945977 0.475145871100998
0.793513013938037 0.490731874532429
0.222455285160577 0.517898778997771
0.755048387730471 0.526478679481411
0.768055561801261 0.52270926543551
0.941605755702945 0.467626430804426
0.86258581087871 0.463244638527724
0.688154802854643 0.545848771728039
0.881329566820482 0.494004496923837
0.809812086160167 0.562826684463251
0.301659891226499 0.558269794931353
0.48959859460066 0.564944826535413
0.740702363209286 0.559457498720724
0.659550193252772 0.539149279087321
0.7300411255732 0.497166248135926
0.623353587087009 0.474290218403134
0.346107745657778 0.432819435409929
0.416428684839675 0.489999007330309
0.889287626773936 0.511148810524248
0.616407382745374 0.565158934038948
0.853324294737592 0.54585086265057
0.857293354417213 0.559533778963036
0.301659891226499 0.471071667764065
0.830210867133516 0.513636848965447
0.85821630011139 0.559796116042068
0.22857870485435 0.482893954318473
0.806392794538761 0.488251517838826
0.431915375145358 0.533963285146994
0.733982997570157 0.475052835541995
0.905214573336621 0.496945889813962
0.242940205790597 0.453875764152881
0.612442507218224 0.460189475032483
0.807726870554408 0.543272796802286
0.402562113939855 0.487795199367895
0.577289101499041 0.551229528741046
0.32876167630918 0.538261665427333
0.33559823716613 0.536314373265441
0.692153205896624 0.535162223342978
0.776702814390652 0.502393733551271
0.885799412138567 0.50863392868877
0.860319125668424 0.565989076979027
0.281320365331338 0.571190362282159
0.723910849558528 0.508951588858632
0.944997077223849 0.492077560729797
0.834581636727431 0.539007912130347
0.927768916857857 0.51683026164581
0.779893386154554 0.46274398493943
0.920081591754257 0.520264735703652
0.945079742024014 0.541282876310373
0.151982276225217 0.545010227157052
0.513271437416863 0.451661718340631
0.765630549468199 0.482314075322247
0.154687989947152 0.54840194802591
0.956458373849441 0.462819486255876
0.805442159667331 0.535654799013125
0.598150794664855 0.508652086226741
0.968944025807519 0.443132998969141
0.878446640372041 0.537158349768961
0.170513867098351 0.488179248154107
0.789392949826146 0.463037998923353
0.681268351987872 0.462605611145784
0.369397297357266 0.564788685965134
0.549316327430969 0.455661958865171
0.922474146301717 0.477717485378723
0.884411471656164 0.524721512601732
0.661662574044985 0.504917251812456
0.758250035975193 0.541543490341441
0.389269955820138 0.492020446688203
0.464470285061522 0.487110770356273
0.68644003067695 0.485992959677438
0.756902604011815 0.49463034886709
0.875033415504272 0.446582713853546
0.816853016549778 0.519702972511335
0.370737646019836 0.520975032844399
0.863938466636475 0.523004949095828
0.954145068752292 0.463035603902261
0.0922852024139325 0.437394503706255
0.94563521686028 0.521223618574422
0.328240780341964 0.551052439159654
0.70519204912634 0.539593089452564
0.9266049212936 0.463115440031641
0.502672281006228 0.483535335786584
0.316004569696676 0.524646231664405
0.750468032158734 0.539701477575775
0.555409761304937 0.568122764556638
0.765529660251982 0.484757345850346
0.909485590387719 0.548817095529693
0.620564997683177 0.484617784268153
0.562202170764254 0.509625711552544
0.596193911125101 0.463291823374916
0.968430174834745 0.528387743065555
0.92621158636247 0.450337983646658
0.57914891548281 0.557083618210375
0.859592731837404 0.570082006146003
0.905631605222702 0.527035628851647
0.677807678452497 0.523302204197638
0.886648548617685 0.518403089525695
0.950571018233828 0.564484862087976
0.913708112738682 0.561780585837804
0.812561355347468 0.535910075894482
0.533046055532082 0.442946361329761
0.414407207126547 0.485943478694842
0.48055725772666 0.508033666661882
0.918041305730335 0.570224370481905
0.744001130678651 0.56091686499824
0.898985157808973 0.566145060106521
0.764610265070849 0.481661486324574
0.734368524130241 0.430289233038854
0.254203940265043 0.475905596292434
0.631511320280225 0.461803562434815
0.397353858327616 0.5259581649434
0.907333480069659 0.47298543772819
0.905954898445166 0.493837124331691
0.956619562418211 0.475714224765519
0.752617883990907 0.526211572121501
0.807809438410285 0.502316330913783
0.623774991082462 0.467927470341229
0.804388323404297 0.439821164156434
0.714311690675986 0.499228691000702
0.754515441189111 0.527166495828901
0.784108899505512 0.466110552527317
0.540259828175367 0.5576102182939
0.336218792206803 0.488916004061385
0.577522317913868 0.52922428820026
0.753598333218647 0.459723571112272
0.474174921920328 0.518213093878987
0.491612395052243 0.508024606657542
0.231459745988187 0.532374646950544
0.840008432280279 0.454224717465373
0.637736046920171 0.438818069650908
0.855877092808507 0.54191457529534
0.81738260693412 0.470334338977667
0.831510366120084 0.429325750677864
0.91144214919928 0.4482949090499
0.939251200934025 0.469559790745849
0.883445196383902 0.532012920284764
0.521838238173679 0.452368888352067
0.90403773228174 0.522605765357525
0.885047841277433 0.491643458933831
0.924568642463385 0.54616203649587
0.359983278822437 0.471651593995589
0.274160541806817 0.479121649982313
0.297054864466041 0.477468560923053
0.718489549487306 0.488306478627913
0.0771075936662717 0.443778118857628
0.977819510709864 0.463404669956963
0.809338073879421 0.519656699540786
0.601608423918166 0.53360683079857
0.967037037466375 0.518200048328302
0.773364550860583 0.4807138111899
0.851353321211246 0.506872673317377
0.138962179724593 0.534494658915385
0.697562736006445 0.54952008679699
0.987980048610433 0.555163219867034
0.0930213208283398 0.430897042108891
0.802225666201308 0.479882513416913
0.330692353165488 0.450877128807342
0.956353859474001 0.433935246556392
0.692696060279967 0.432030276131084
0.902412427082953 0.498561448216489
0.586639741197718 0.567274767551538
0.184008252627107 0.542945558042286
0.913195972495441 0.492371158269967
0.91828930208591 0.53262879430451
0.743377707355269 0.469496055939016
0.765712017720417 0.484188679991856
0.702766678407611 0.52507355500005
0.722305313737991 0.48341858702032
0.923922118361961 0.560265394775687
0.741101602961686 0.489578232226607
0.683794074911835 0.551623989114248
0.822976703971307 0.506452170891114
0.821298281573159 0.452147370144124
0.965024600937836 0.494503766015259
0.708415482629932 0.56577174437526
0.974711582970335 0.451028103177984
0.703706516552528 0.535394781651064
0.306620094466263 0.539173145605405
0.904318671215276 0.494560571238584
0.366199428794375 0.533472315674023
0.695934811143933 0.509677689836855
0.910628708914691 0.552928418297906
0.218134190370148 0.496945889813962
0.602983258120521 0.564761752537563
0.96187610314423 0.458973921401956
0.841341210560722 0.475047562343032
0.466297417931502 0.549443287267299
0.806144709595517 0.556744578131636
0.484841256899518 0.453969571317815
0.687503449122517 0.453356546217045
0.883322361119633 0.567664235726057
0.265685441497897 0.438229213786195
0.37704719901143 0.561840043600493
0.0686865000047085 0.44449474451089
0.942712660222986 0.439859955570622
0.80111430369093 0.535696874957443
0.918262473201429 0.5534586480438
0.820153469029734 0.431322179498413
0.687526634560644 0.50986193622804
0.552931077261768 0.498339917626664
0.84182343214877 0.560854785753219
0.213834505974937 0.518917060256459
0.237756603601678 0.5235144133328
0.938732009193627 0.558001898361746
0.759913777300715 0.527689749973921
0.945494189712402 0.53217466177695
0.884902600471938 0.567397645147736
0.870643894366913 0.468517418165525
0.600156264734904 0.555988906293745
0.766845793643513 0.516163023667986
0.933447488417657 0.536158872148174
0.391403277139856 0.502600825345842
0.331516945486538 0.470350360109777
0.753371515903345 0.435642863695722
0.65864871441539 0.482107535412979
0.262277636078338 0.570800476537138
0.862437656118709 0.48796443884577
0.891851733593711 0.467381187107733
0.680085134705195 0.452615738777086
0.564086459642508 0.458973921401956
0.889091040464748 0.555660208525449
0.57864353727446 0.487959564912351
0.967311933964994 0.546733524807342
0.586539877767624 0.476159660151192
0.486311762768597 0.554996204556658
0.154269925481463 0.45725961045
0.93211413607893 0.507256852079507
0.855271358002068 0.523544559304854
0.832199620000813 0.552961665515672
0.961134508981182 0.524209680696722
0.72939218429314 0.558050186695101
0.199505330833789 0.500088141264626
0.624099537328007 0.504037789213357
0.41751409267335 0.534576189136353
0.882131360951809 0.544170432389345
0.853457398089068 0.482466419906983
0.908791198970803 0.529883854674572
0.498809521263251 0.472838502047697
0.925194774538871 0.476366109126048
0.763437368426056 0.446240776349257
0.488457148028308 0.490675163230366
0.652606588151932 0.542601034924412
0.428751352263887 0.467425733551286
0.84182343214877 0.553066402745963
0.817029186099541 0.532903450579289
0.729943869232788 0.535490302627507
0.417017759966165 0.570871600543333
0.500040601881071 0.472433820816963
0.871549700589534 0.470527560524491
0.944122324836963 0.557765969685317
0.579408063858741 0.432563226840055
0.962158930956221 0.487111863855581
0.779121821691044 0.521028068759815
0.971335330519021 0.558153998415546
0.859743397299498 0.462376360120083
0.896027150143792 0.508638406704109
0.794802645555578 0.467216634831788
0.581276967751176 0.55406436019855
0.952457431401043 0.512902573716484
0.593507155981437 0.563937177413834
0.742650042473754 0.429013787455694
0.802125404862204 0.43505548127779
0.943974228596406 0.474062707974312
0.481025524018826 0.464862829690503
0.434967818617016 0.431125362760703
0.180209821175774 0.489071634569863
0.74503359018158 0.508330841019439
0.879442944609952 0.498274288196747
0.172681904172167 0.48320007752143
0.93856866753845 0.507143087130521
0.934406321314413 0.524475150507947
0.900276890482941 0.445055259684545
0.48474167853894 0.453969571317815
0.93304990213721 0.511554014457283
0.801070809237948 0.520344506838068
0.874113432995319 0.539937246605049
0.951839476061684 0.513852172003322
0.675467765550962 0.445975916072401
0.826415810954811 0.445844024625382
0.703446011985794 0.560464372741228
0.898248710680937 0.541241617619303
0.280321762895853 0.502009124371905
0.468764948449672 0.568652119657205
0.838367265115191 0.449812206661487
0.726111632665863 0.47778488186138
0.897434592993764 0.503740879097487
0.366199428794375 0.511354009097157
0.215499317786111 0.514532408841615
0.603698757892773 0.56712208664212
0.895878970306468 0.44582452992441
0.504105009876963 0.515759224962878
0.731079907978156 0.489126091691912
0.322179826998598 0.556766988885586
0.353112887909187 0.559615828420077
0.0721885399156818 0.507717005826716
0.546095241782224 0.442536354609594
0.482684434177092 0.510539796625223
0.936328162523423 0.514756952020022
0.897631865014992 0.458505057918269
0.861693185665866 0.469996581704842
0.671188759600966 0.506592469760824
0.768055561801261 0.429134981910762
0.845350700327487 0.494065560161631
0.399263828987761 0.48590103061635
0.828220026945719 0.542328151234892
0.541487860711007 0.433213004816163
0.873018681047244 0.50897773660411
0.834278209163302 0.450686206284192
0.886731910849634 0.50297767452909
0.398186796416338 0.554352150693412
0.315045984902905 0.485034531031947
0.759850824511525 0.468950859491951
0.139458266965518 0.518624398443392
0.858180970425278 0.500531631647457
0.343707627757993 0.5627651662547
0.731419097475788 0.466916549971601
0.0846745054416405 0.430167817697474
0.170800965730961 0.463111354623107
0.186928784398565 0.505670812628255
0.534768325412321 0.505889734060192
0.953616819989293 0.556035532148719
0.917253529026769 0.545346532022103
0.77451618228646 0.461047525289632
0.652636417672785 0.545309475054755
0.619347722869301 0.49356594913398
0.951722742159899 0.488443869429791
0.877456279724745 0.444693498340855
0.959354064532804 0.467191717063284
0.769988960353927 0.556598260591034
0.819929214614103 0.550472026472411
0.740687141166504 0.472802832773528
0.955983374684487 0.515292814726711
0.783792610419948 0.542617539371515
0.894550381966234 0.465092076471231
0.636543702696111 0.564162601022907
0.8798129492141 0.53678604420781
0.905140209061981 0.566692590923577
0.57080324411818 0.495706577911989
0.797977718690946 0.449512929176043
0.140620560744119 0.477287988934478
0.892457376614306 0.554484885346883
0.140661488700621 0.486314656170719
0.449865666701595 0.521153529669416
0.289219230868048 0.569428706359534
0.932183665249847 0.523296834962292
0.947870354262847 0.516830724510069
0.924106631006411 0.512780767346997
0.760769595731676 0.5522046836846
0.896027150143792 0.486931666945644
0.782363472966975 0.546139342897466
0.332789950317781 0.558406128335259
0.916587597188268 0.440500661760703
0.523712262522874 0.463825748530142
0.180097523392422 0.441817602910262
0.142961666039543 0.451226817700136
0.513422820490741 0.483914670470584
0.754150770041257 0.567452224092985
0.798676731548352 0.462847265878661
0.827867386529838 0.492373118732189
0.710764483082595 0.548202333928288
0.926764825111251 0.490213986246659
0.404692555273891 0.513861093479294
0.199505330833789 0.487610405274466
0.858765275695445 0.56269213178799
0.939980520407514 0.563427069800719
0.645823185790676 0.541650875065352
0.920101870359179 0.431933708623457
0.832094260327143 0.464952798961565
0.27312269690079 0.500629231812415
0.959023414295777 0.566099664810883
0.657923419224763 0.529855335942189
0.669700753021738 0.434076359442241
0.784357694181067 0.530953467504846
0.320463314091408 0.500854543282841
0.85477991154226 0.525693647151866
0.78407238344906 0.54650313470324
0.36794602086029 0.498561448216489
0.786591867749434 0.5273699444479
0.603630900229365 0.527400303644345
0.931151990295991 0.45562789088181
0.884155920302764 0.493936119820248
0.433567660450309 0.44092105010457
0.906934529196251 0.517726888556808
0.817681907451187 0.446681170311397
0.913380446062144 0.517477378847214
0.746057727730955 0.478335084116259
0.774324137810491 0.569600467074816
0.794756963140363 0.530152693742767
0.667023222283157 0.53517190145477
0.381377284830423 0.526303709714778
0.702932592026555 0.4357594724514
0.61437368284009 0.550789297649369
0.701860800486508 0.522788371606732
0.777234146759971 0.429670565786744
0.724250505887661 0.432074819784588
0.545141193469278 0.458707198145942
0.911464409043381 0.47649811505045
0.73552063233242 0.480872921834788
0.932280236778807 0.503307679983098
0.902555565585503 0.570587029325243
0.705355842211144 0.482635982623174
0.62081359487408 0.515771096478809
0.904836052644518 0.540065782977601
0.250688192484447 0.434504387050956
0.960515546515907 0.524951749769603
0.301659891226499 0.528568763636494
0.278829902324434 0.53173940064911
0.860620274610988 0.47583561672889
0.925630108644057 0.495916113335089
0.453173544057848 0.513010447768884
0.362504173968014 0.571324314991307
0.932116124959591 0.505210887424064
0.792205468452445 0.557205309619833
0.543902011715296 0.502374001007042
0.255765172218451 0.561985111385525
0.858178882610074 0.445252484477773
0.22684579477907 0.481366291307498
0.80344541741038 0.535651416419706
0.851714394026409 0.467848083012907
0.93557559707813 0.494650974429204
0.479149396039941 0.503931232398281
0.254203940265043 0.536792502078148
0.94813057414048 0.484035458134462
0.943457078880669 0.46368531386505
0.763192712314286 0.516525899522956
0.731757233088301 0.475685312645227
0.836723913830529 0.538280851302625
0.874427725614756 0.495053911256657
0.812896084841926 0.495119205875563
0.700467354908321 0.494201602920738
0.8397326184668 0.548525697062159
0.803605923985249 0.554458366096337
0.922035252956823 0.519295882268623
0.878180299774738 0.500462990141922
0.432685234684145 0.520202193774905
0.937353546777215 0.460466292523403
0.89624533622945 0.550494775841073
0.867799968289979 0.568675296131755
0.597129368026348 0.47521900928635
0.704592414374933 0.570785730439623
0.716623840381201 0.560889518970322
0.451271447286794 0.47158692256075
0.966942811914908 0.682805710520895
0.986432278655115 0.610528342134515
0.931783723937969 0.593153067346092
0.666602970308338 0.635035716725232
0.513185321824148 0.669239807038719
0.922589052137209 0.701500743901413
0.956165503527627 0.701885537278641
0.920799745631786 0.6352574063937
0.207628197164352 0.61941433541163
0.924354327739111 0.645487517673584
0.913991011801944 0.664159910903963
0.67675191100878 0.692172877113585
0.844574237728498 0.709091016867648
0.94666584323336 0.688241279399655
0.822574172603945 0.68266684293517
0.935783160571103 0.657687490461473
0.258375183852261 0.619525590637634
0.863345383292233 0.70423731278507
0.871784799406124 0.572691545125334
0.852045893078652 0.704536531761909
0.760057257646256 0.603098651025422
0.900049272962363 0.639777351251798
0.867384846603115 0.603963217993114
0.792583373628739 0.657179255565143
0.144289323068085 0.661773733406807
0.849669369244164 0.600048461055725
0.788784007327751 0.661392157004532
0.677140735633519 0.616179632890825
0.816717084825209 0.572071923171706
0.945702707738192 0.639667245485265
0.967926062336288 0.60315218674121
0.652842508065648 0.678201488121034
0.866632125128121 0.614715671961174
0.931783723937969 0.593130579972783
0.895644811703763 0.643714332860725
0.96617905549792 0.600304943837292
0.971511523812787 0.621665721373886
0.515551090950538 0.635120289791481
0.743613170960227 0.667432810650295
0.865925390603942 0.642540960742964
0.662340419602014 0.67859109177475
0.850058949864537 0.693480333096334
0.962939251800716 0.701473648167303
0.495692855185825 0.688642192474128
0.915747141916204 0.606892928590916
0.921801966827861 0.646652589101427
0.832443432930301 0.672243552800739
0.7981672190605 0.574167137952526
0.912764598009352 0.652054211935743
0.807473959063678 0.658698782055571
0.894434344650915 0.660217568026912
0.853706422409924 0.596283190645422
0.962728231768338 0.684501589481872
0.940100610358909 0.581460138941307
0.814361716793941 0.645003545642733
0.936942229271492 0.709642314668498
0.92991036941843 0.679164522326766
0.415572994851086 0.697374994653781
0.858170859949142 0.620731264508166
0.466045633286119 0.692710538466616
0.817012601228551 0.65635138538536
0.551872357533469 0.577030753026122
0.965570420696475 0.711239886489148
0.734801896018026 0.65883041374522
0.951427366730595 0.57456011448384
0.243177847772544 0.63358191973568
0.83478495054682 0.620578259996432
0.877295293110491 0.624356263917079
0.94321253841401 0.632772880231575
0.974470064981171 0.613334141169602
0.819894252048347 0.643687225440997
0.870840437641976 0.599675462164359
0.738571477046655 0.609221329426404
0.877600882447151 0.584012073885418
0.893681267698998 0.641441863281702
0.807044715572351 0.650001894690697
0.675468349777262 0.636426547955514
0.872476721914295 0.658045716996326
0.899513322557468 0.695878865627945
0.95331940385144 0.624453679323072
0.957342403740614 0.580452575087203
0.893883367625937 0.576859703553777
0.889038017863634 0.662813945843839
0.859965672089775 0.584716659190543
0.888542926889193 0.618585444384537
0.743118757438332 0.648000710679254
0.388832477161916 0.62839986249875
0.809220810314726 0.703604854610959
0.976623343174085 0.595921279774023
0.846436167657733 0.67559816331817
0.160329358737835 0.576974018004233
0.844833372039681 0.609049723082442
0.787893297323628 0.658829353213466
0.923440738871944 0.681270116565222
0.689274300112157 0.595507250490165
0.940215968798758 0.679078900944841
0.181248075950458 0.633094220111651
0.948381071984446 0.686352838354235
0.84077843633575 0.685616508293914
0.83693342779395 0.653842530955998
0.911321297852452 0.624855978588376
0.565712869070261 0.672121242687541
0.924651863301269 0.606541988581181
0.901209006585751 0.599913318206273
0.926563445469851 0.621362717737636
0.797969753419181 0.676908844292357
0.871352713392924 0.663319042886007
0.502591863423514 0.576017370513767
0.7264797209825 0.693044070549752
0.751556331589099 0.700238311120145
0.558022114756358 0.577751694221677
0.253108748650678 0.651513249370049
0.770431653385118 0.571549533596516
0.951880958223738 0.577992359796823
0.88864454303604 0.688166165166629
0.945111473085198 0.686598567589982
0.785812039333186 0.637661270685747
0.967809557559 0.653322565914505
0.935485348514427 0.593414094280946
0.636947684152463 0.602041526626987
0.72796632416316 0.691580066191957
0.878235928748373 0.645070192680694
0.617850669912093 0.583477889244813
0.914195395444434 0.643054610117414
0.594852055027125 0.702966263561057
0.897322246598857 0.621200460627621
0.934424134431775 0.698262305095344
0.943432936588766 0.70344614881052
0.882074172326734 0.652933925689291
0.908500390638771 0.709212133116362
0.836956630671036 0.649319602938975
0.959759945924673 0.573125442865997
0.798523305311013 0.593173024420311
0.654170730125917 0.573098916254188
0.839017539770678 0.583366113528433
0.9420557219545 0.595443214239323
0.597962888492326 0.642705609839934
0.797357710601614 0.67672851563004
0.638938199742491 0.712750047800404
0.824303819427858 0.651334251630931
0.911536212012768 0.579060992125434
0.830968423682927 0.636316455972599
0.948903087195301 0.585154768175448
0.144945559262688 0.668901852418062
0.46995680721246 0.628669677286933
0.620055912129762 0.702708267478021
0.905185350712027 0.707005872951235
0.953897286030275 0.619909435533297
0.948433811407336 0.664654543271815
0.691849696379836 0.651805010049963
0.852202551594493 0.612061342117187
0.948496332137199 0.697959930938283
0.652931954530933 0.713085866546936
0.779788513647945 0.590398655260411
0.578670646160734 0.606593704800114
0.969867066417333 0.584083892558699
0.309760425149468 0.657875700335292
0.475508704766649 0.60630330116394
0.724297125332017 0.695563040613288
0.892330976401938 0.620384475654462
0.774850594404328 0.624370366181542
0.86878190357421 0.575644656225588
0.610182907911303 0.66480173765654
0.864523992779557 0.692410444812023
0.712344563845392 0.60934384522377
0.842745842832297 0.710781672913704
0.399682301376971 0.59019213326977
0.877276989121581 0.631993107641658
0.910618990418178 0.655587338723956
0.929793727351614 0.575462478597253
0.936004621445435 0.64791001147782
0.894160441446005 0.586334338135261
0.912164028864543 0.584609712100192
0.867517418573665 0.675547134337827
0.925697007569589 0.577214589558422
0.930104797848295 0.631203878976395
0.501295233012558 0.593503977930824
0.765192300720251 0.582489658947812
0.245186730059858 0.637081057528846
0.753534320331562 0.626702949492603
0.938405340770256 0.647699275028609
0.673550517099416 0.622017935156276
0.903943454505287 0.579060992125434
0.793270545314558 0.714266305316113
0.741856212577224 0.6454155852908
0.5662757788185 0.59654130221454
0.983900163455606 0.612532271528654
0.786939445421284 0.639241803789927
0.364544840851705 0.712616013439578
0.878018294823102 0.697270720238127
0.808014933008166 0.59587142251117
0.610585985818691 0.624652681618393
0.794637985430032 0.707870233565047
0.916352322942173 0.613607698519804
0.824209515033971 0.607218454782795
0.893533894325691 0.643417063344675
0.813277952155638 0.578035417507423
0.839567872841372 0.678471542650658
0.459588953045178 0.695632932718705
0.464560058985299 0.657424462870401
0.94926248418874 0.633997331291913
0.903735891775388 0.574827491407843
0.860804667551022 0.627470175752634
0.78707620628587 0.652682771010834
0.542525740525488 0.61279304760801
0.766248845098691 0.630628027671413
0.670500761338041 0.594741132372189
0.945421085836973 0.601384616022488
0.831021104851344 0.628466516573708
0.758010205982339 0.703592693762761
0.866965375866343 0.593977572090027
0.910457577838197 0.671673430136947
0.892052543035238 0.616629278847756
0.655127108611053 0.602919565344731
0.819093688173501 0.647884062197657
0.85358489751391 0.673524363866489
0.937037704585432 0.656965216232214
0.719876206027335 0.607638665236917
0.642932137416982 0.702873285141577
0.778516981095887 0.673385953495371
0.965847975922504 0.693238898025161
0.312624761861765 0.669803640660813
0.639196697852653 0.57485226134199
0.954160382837694 0.624006170995388
0.797564031868128 0.669391285127186
0.671815293645264 0.595823581248015
0.849894806736552 0.664154124818474
0.848138299977174 0.642303479176245
0.800940638844356 0.621148856032209
0.868416194777121 0.709114729856168
0.705864583377798 0.59428985681614
0.937819173024401 0.624905589383972
0.877325866608689 0.643901340099196
0.722006154317199 0.666249643572285
0.401185540382026 0.618180045678539
0.783515293265576 0.663756993747297
0.817615171283955 0.65419235546743
0.447003850906741 0.71042053275257
0.654624533819637 0.701019168620738
0.664375511467431 0.643332281374164
0.817916125815516 0.687303598455045
0.764153735146001 0.611361073353972
0.209992937291645 0.638610179198254
0.880167380263059 0.683131588910611
0.937312325073373 0.708326446920968
0.828661618964298 0.645285847659175
0.851090396583352 0.633587951721345
0.247429566930435 0.606855528208863
0.784476732321073 0.61185541336992
0.757597901410952 0.601366729046901
0.747542810356252 0.651939926279564
0.774765989571963 0.635830441095293
0.710824040218881 0.704192249101643
0.956128271301282 0.576279232303609
0.912905115989157 0.619228398191539
0.343353871765794 0.638829314651795
0.789278356033555 0.65967819480848
0.859879986687223 0.71386835533443
0.952520753069724 0.685471171309924
0.461967808870643 0.618643537653753
0.957283683436307 0.5871687381593
0.923687837606554 0.681663198265978
0.919496413833116 0.630822485154058
0.862410774983505 0.706768738781827
0.683663817406809 0.639370771171421
0.941252977663919 0.678536674731211
0.482612067387061 0.579191158520012
0.845486822730851 0.581895732634663
0.698540626547426 0.652291830747795
0.703672142579199 0.69187678321088
0.843465444430724 0.5932949275116
0.902227206118756 0.572011235368023
0.768033199347393 0.682863622594205
0.868284066581495 0.69217516905866
0.895073396254267 0.595589194761843
0.699691884248252 0.647258025893792
0.66673732823582 0.694714413631268
0.886585223276199 0.586201736242972
0.876792646822457 0.680296794151549
0.727836872004265 0.659686043116526
0.841131933150311 0.601412224995306
0.561185434206944 0.609030823634371
0.947650798816206 0.653307661057241
0.805044956720982 0.605120947755067
0.887076131708473 0.617912961398237
0.794080341073506 0.712733365826639
0.958386361334424 0.606211016968034
0.752136885428341 0.698469774595309
0.895957200120667 0.683583087019364
0.55236740797722 0.575356196487901
0.263622620853018 0.646663537727389
0.550053383222013 0.702939523006304
0.951858640296295 0.697000170691366
0.652300276796208 0.632635701217474
0.827343288580217 0.670494477613494
0.860829116331483 0.579169154126888
0.895929316763502 0.710150422154728
0.837844944864391 0.665431937946109
0.969936931257264 0.709043147270546
0.714033090029781 0.639390395074746
0.809189876581495 0.652140379500543
0.792167024274758 0.637234965433538
0.668921599194066 0.650965365275173
0.776864891374476 0.666138315422197
0.882799899559806 0.605576064465724
0.653144509887385 0.706285934700054
0.664375511467431 0.661246431057495
0.872943052953865 0.713671378001647
0.977322660864349 0.646261403599316
0.599098034582764 0.574660028923022
0.869532996312576 0.675833751172905
0.900343743497908 0.622319601022039
0.89733971944225 0.596285741587954
0.929637786847653 0.631535510414231
0.78854450801501 0.576693884867235
0.974254355273953 0.583934328607378
0.894160705460312 0.652688875898205
0.609635378754317 0.613980438562471
0.256849279288901 0.578104349914017
0.720767960622666 0.577357543529414
0.789931009375804 0.591423300447471
0.979164043747401 0.623971178522081
0.73717964413047 0.608628529619552
0.875352064625888 0.574379981620162
0.337917327639676 0.629450183628061
0.307350188602521 0.703153799203276
0.653526635867902 0.585625881094693
0.907913079047705 0.70759680749863
0.924102465664445 0.700720583665362
0.797382007544856 0.642731132432211
0.946660226383607 0.575846614025348
0.865042733305865 0.617077870642038
0.902655788889917 0.712026468159558
0.377505853064735 0.58509962534719
0.916214276337051 0.572160210997387
0.176819968203516 0.622096745073925
0.405604112098415 0.665965057541507
0.951348994808374 0.594517941859176
0.717376998290976 0.606888703491816
0.773297888589521 0.619415916427668
0.746722426576572 0.657286804977475
0.764782394669244 0.642056845673343
0.557688203939912 0.605906909329171
0.804568854213178 0.615526573148846
0.954830922755316 0.672959166329957
0.643923512022462 0.69127701894259
0.474598496346113 0.628133115474952
0.954743798544926 0.628718079529225
0.721909161963704 0.605377795703237
0.844340103326416 0.684511835471736
0.835683524622599 0.598466504689284
0.860453565442059 0.691868819027128
0.926202361462244 0.693929434341984
0.910604681612916 0.624176764652029
0.928781738575716 0.606326417461647
0.244999917717793 0.604125930236439
0.475771782813714 0.713943909036526
0.948903087195301 0.621488983735582
0.859141700077582 0.648714966657096
0.513185321824148 0.595823581248015
0.972377510044266 0.661118697478019
0.590230997518117 0.666678145106061
0.916494383429594 0.575770729405344
0.83837402165635 0.66107104580585
0.963129024321551 0.59296436105345
0.807089466401901 0.637377683833874
0.78759321925847 0.577676309769797
0.941154330021055 0.685386642905148
0.960200472733988 0.684976593834119
0.850058949864537 0.676574906939206
0.947878412687847 0.634169262977397
0.64608392033038 0.625864356685141
0.925899965886055 0.633701743853186
0.89454499177914 0.593097778154905
0.856979897589553 0.692466539324273
0.928100271996696 0.705936104253729
0.833925927886144 0.58117549700125
0.91674831613205 0.589544310150402
0.621627476435802 0.66654406888059
0.785397177931177 0.690298003440386
0.9145754350019 0.675496043262699
0.577780008531565 0.60646225501724
0.978928768773369 0.688343239317233
0.982343033613348 0.657254300002127
0.931783723937969 0.695896219095198
0.917423432284409 0.679251859298391
0.913989889447232 0.574386513885997
0.87415896704714 0.584415889920347
0.763943734403421 0.672123266457894
0.882257749172921 0.709649706580549
0.608372378081792 0.687925731198088
0.87158190476452 0.666834850463863
0.887693214835155 0.671192830479801
0.807044715572351 0.598555973567209
0.423998126203644 0.643460748934065
0.81943933085196 0.668354133827612
0.937186154092627 0.668276470405744
0.859141700077582 0.654277935203484
0.874733491210367 0.580800380270391
0.614580376481607 0.691915630112182
0.86727533207604 0.664389256444668
0.611833980034967 0.63631407002986
0.804300613043187 0.643301245051865
0.874080289138608 0.689071095156213
0.639439707599741 0.713889021643457
0.833132059848801 0.661366616187366
0.774285430246093 0.608334055159566
0.678939528994949 0.639694888975169
0.927540280790004 0.674926642035191
0.931357633144467 0.616818060326635
0.897322008570971 0.612830354364316
0.853215980836021 0.665646002658378
0.96086638978027 0.584367423536688
0.722872977359724 0.597914834726795
0.701432575093677 0.692949034081919
0.508019828905847 0.618070795964518
0.692107229919927 0.671416229212741
0.961577073235251 0.656644962239857
0.598732982407334 0.643390902227778
0.795034842871821 0.702038734703671
0.843077117875034 0.587342361204996
0.824249522740849 0.655281488809861
0.610994594602866 0.660078917366498
0.869616036706871 0.670566445016764
0.911727231307351 0.700883574166235
0.852578416245185 0.707068274551376
0.860424667603961 0.587935269080325
0.887202627528384 0.657041480267574
0.85276798558747 0.645131752887629
0.667793433934266 0.594605633190734
0.902961559698729 0.640738427954101
0.688257605105392 0.607964532682988
0.377786097542159 0.595982157618274
0.640730316447832 0.675854611880427
0.894727232280026 0.706450131410698
0.885017804991377 0.692242366929556
0.827822742890811 0.649029672773519
0.849355194523641 0.706837733865458
0.820614311950166 0.663154224143256
0.922672740560374 0.62228952451994
0.93878620210364 0.628301947872212
0.969303548864848 0.61343860858586
0.734282146799392 0.693475280888067
0.110934152385596 0.703123027869071
0.961773994430224 0.712600156600642
0.979676660972617 0.633337310490643
0.838564715582434 0.573023374984822
0.821205809475728 0.66066592434035
0.807388919139237 0.616427215465321
0.647454670694484 0.626478141358486
0.855086040170389 0.572262875416345
0.872849254925537 0.647736743671637
0.894260533716217 0.704107150401227
0.496014396229929 0.619467247952986
0.958484403718233 0.707840996368988
0.923192724935863 0.661827492981507
0.945879371872878 0.711976219072902
0.940378475311001 0.625086739605813
0.956171270230568 0.572706015280807
0.787469464957955 0.651015032411593
0.8427143911384 0.673533179834041
0.720813384560907 0.649782814911231
0.972730849155036 0.615928679076657
0.643046294214625 0.690586586755698
0.722347695974696 0.678185873246736
0.856078303610054 0.697959930938283
0.711472975770989 0.661627578399705
0.850221908053877 0.657630860387267
0.958496577713636 0.579556281702699
0.952978438757519 0.686641435391029
0.678640646225653 0.621355580929733
0.379330896825286 0.691972738445866
0.928792374093736 0.588211098840299
0.701762412604387 0.57660982290063
0.278284626773006 0.662896979642772
0.88733266102789 0.59850884672664
0.662108198977558 0.620880584608285
0.772881504049306 0.579690657321539
0.954117499951539 0.676309269420119
0.690329211545577 0.596185262416719
0.722708011244177 0.699497373587486
0.864835499681349 0.626635171463076
0.815865710040201 0.620419925255978
0.733833769492513 0.673114783638047
0.414720243100638 0.579869487597618
0.661491486751492 0.594398153215132
0.790888434412752 0.606651592839849
0.514941570282537 0.59185036287952
0.837702813076377 0.653590285752206
0.205300327882886 0.604483479121602
0.83373629019471 0.670615855901676
0.932757758225249 0.669389759467618
0.918257930523665 0.672046027401136
0.551539071234796 0.664570526088413
0.86397102489586 0.574386513885997
0.371150455769218 0.699724409247809
0.813229503436177 0.695522031731719
0.801208744253268 0.704881022796284
0.59646844115901 0.653799929440763
0.294827779261141 0.584761097385782
0.950299689815178 0.635955277151249
0.653022247334298 0.645941420535222
0.632013144107891 0.614293257617028
0.959536345156901 0.582440344534801
0.826901283630275 0.580296498356803
0.311118805341566 0.681165812445724
0.647536591511462 0.650686185486788
0.774043661922149 0.630670421630129
0.838046858617004 0.587899426773235
0.982460113710631 0.601217577571391
0.791275389109252 0.68985166274679
0.906515032606974 0.647695276382286
0.780859775716682 0.57994361223436
0.800048239758016 0.631980592755848
0.963789095860818 0.632955305065121
0.774627487828483 0.633071555657845
0.840683278125391 0.639042174368995
0.897320428034061 0.580559236590449
0.449144545479687 0.6045189224283
0.731950624796242 0.650315586655843
0.445786644177935 0.699463617579865
0.858923998921864 0.582773740647592
0.417300938606373 0.681256665517121
0.868451155397094 0.593346330813515
0.37865098035721 0.709504084051427
0.739015041593893 0.600525167575843
0.883628224693017 0.633476621367822
0.794550483513542 0.661457041243516
0.84392364394973 0.578234501768975
0.816538466401512 0.638220925914218
0.904400351433009 0.574727155745293
0.7769117431067 0.684548412017502
0.925556922413095 0.663173784811621
0.800719666724675 0.585460395696072
0.189833942483167 0.683459406395895
0.855821872721672 0.653057901502496
0.438288536376616 0.602486508606582
0.849758726065845 0.632839488400847
0.702620035592603 0.689447653579766
0.881965305934884 0.604769049775507
0.839014706787804 0.592573407023347
0.950061024866352 0.661830822184993
0.508471623542369 0.678754113143706
0.744725209269353 0.664576000882236
0.480464371949716 0.581442229084381
0.850094061342143 0.662495342618392
0.870062001923862 0.706532174038754
0.507435450588196 0.658844372581781
0.606448228312426 0.587834401057146
0.845701819741547 0.685930046516877
0.809054268352278 0.677763708466659
0.9495535624059 0.633427094893042
0.754204658027786 0.605120947755067
0.92880590049716 0.594355282331602
0.575443742345164 0.587099611167019
0.856455874800951 0.622576297784156
0.914195395444434 0.678290223187802
0.846983637270839 0.686664743306793
0.816614588913861 0.677473995679582
0.95348019203626 0.699894940367664
0.831842301996195 0.620651431777244
0.863360898517971 0.577709433024853
0.806672817995213 0.608098691254698
0.880155074482655 0.662381289939741
0.87792920339755 0.631980592755848
0.788933800924358 0.67956460088873
0.886955854272336 0.659749605590997
0.891622506597437 0.64354306094752
0.972200681942143 0.682805710520895
0.687038175159551 0.709885036325203
0.920653257816106 0.638151222118061
0.796697645386291 0.577957863110916
0.679030244100289 0.669523995479273
0.812828734593982 0.661198721865789
0.899484966542756 0.673878009149112
0.786229503929395 0.659210079832464
0.662990312941415 0.629468771425963
0.947073017092758 0.583861585214571
0.955555802878114 0.612105471739766
0.943676298009461 0.626123960420607
0.930104797848295 0.592035151297609
0.940160714655727 0.668600987752267
0.823206773686998 0.704584839944973
0.839218716720102 0.575735347266646
0.429735008229458 0.603009345927188
0.803144130084937 0.620629089126284
0.891397325384511 0.696982255049374
0.944634773161729 0.671871822163111
0.629344041873728 0.613029309120245
0.501092816134531 0.649856431415265
0.94783009116549 0.63177645032392
0.715037847254214 0.591813964460959
0.87963246503287 0.679866056787695
0.510065310499708 0.619444899550453
0.929832232964571 0.597117147749635
0.456004833331556 0.575252848699541
0.726543175051331 0.642921464546252
0.905211075033454 0.634791879891055
0.981470286952153 0.635592962600726
0.867752589213676 0.705627928708453
0.756484576250534 0.66819104006684
0.555576647159105 0.601291185267835
0.874677330493781 0.703330249217358
0.913989889447232 0.675024102566653
0.432305313683235 0.584070011658367
0.880118479468205 0.712894831863503
0.397817954710321 0.627937143984903
0.952980849359135 0.713262101547881
0.895929316763502 0.597553809389855
0.460091346026768 0.687153562661404
0.838571199403873 0.581771162904551
0.755175119578853 0.675588468552457
0.957596384144032 0.701031705174282
0.706976136406412 0.657576558454427
0.848004760564827 0.60721351479867
0.547533356418914 0.756790105017078
0.859232132133611 0.789077310141772
0.866010966932667 0.772825961249845
0.948823885888572 0.729740647250544
0.951693214351606 0.781347492413228
0.925330380239857 0.750738433220095
0.855974392948768 0.728043065034464
0.710228398222903 0.807037430220049
0.74718566513224 0.835536650975823
0.860692795309954 0.751298444447944
0.693791933052645 0.847068723339959
0.391994734896627 0.823861562004872
0.681165238052024 0.765574643927344
0.863578313814583 0.718283205601717
0.947114528179366 0.736490754456488
0.483562918938002 0.758144907785723
0.499821274036685 0.775451844707493
0.591440423083339 0.804095995287346
0.790425585574308 0.715704733815149
0.16832057013315 0.782225261156473
0.912229046846687 0.760979593174025
0.291560282150664 0.774713255825572
0.89337151763484 0.856376661092061
0.886024601914026 0.822914184319362
0.919617349405135 0.759645220976425
0.364599111509676 0.795916610034791
0.573926410494699 0.793628496196295
0.870799108230059 0.804131725966381
0.794342631989751 0.796860190337327
0.909573077919432 0.758679886432571
0.590252570894059 0.789560989703467
0.743269120145507 0.799280388542036
0.915613974620927 0.843115160218322
0.67585233034182 0.72567295435146
0.431938125011171 0.758922074779272
0.806697445721219 0.767245752473284
0.758124608452286 0.856376661092061
0.845629416127264 0.842532386973134
0.596888757595818 0.79241652009389
0.629378450684121 0.806495982062626
0.543164414475692 0.781926911979193
0.409784583053572 0.772384762917736
0.779936409601109 0.830948157737945
0.175414928455286 0.738407804258053
0.942869304098464 0.78890515491959
0.976034127063222 0.807319521796967
0.975525435328295 0.811826953006668
0.814300647708461 0.743223550483681
0.132523159316246 0.742394378733941
0.743557036224007 0.796675450613855
0.606143104273009 0.758780828367104
0.43572391819794 0.835440739122232
0.61407932060342 0.84867084667132
0.508067922620804 0.764139646663095
0.405243413323229 0.820479733674266
0.612597465346486 0.802113566803432
0.788340924547654 0.81971840376817
0.922028214134881 0.85130732465955
0.848920420991664 0.718590563372362
0.661288325043751 0.753964683446956
0.494407508634567 0.740713274618224
0.805389615314735 0.809159777797191
0.844788725627509 0.767371989308111
0.945900147931559 0.834223815888468
0.578464498493734 0.771870712729242
0.953225819480289 0.801923681504556
0.616898378443448 0.792514756991903
0.677238735672651 0.756256569042723
0.850843042355625 0.731584718383462
0.605646848702496 0.785404148297497
0.96956262490403 0.742169080335394
0.277379197603371 0.824867641901696
0.90840077102056 0.85573925609667
0.605646080923833 0.717822921430736
0.576225440685271 0.783603169474018
0.903871261513551 0.734192161132054
0.981371731843978 0.740024451258995
0.786951265973832 0.736524169400841
0.60000280312148 0.73395384576182
0.792617017400707 0.852821606725046
0.954318657711788 0.743144604602318
0.871560747289295 0.72572928526634
0.458714289827846 0.753106924031409
0.828506297052066 0.827776233007711
0.93965834470896 0.788529924791348
0.200740741766934 0.765895380225198
0.882596712492919 0.856046765222255
0.723439131787637 0.847601320734878
0.631665069714737 0.810223828011089
0.985889465849091 0.81397191387282
0.884993966916728 0.836334163029385
0.811757787175952 0.754908824802797
0.80433226259895 0.740116931078846
0.691630532648854 0.855083258241347
0.57037634035327 0.821630688361244
0.0791123878791503 0.783695194766848
0.544134155684227 0.850669778023708
0.642167945461082 0.843533716406754
0.957530052239971 0.788127484220428
0.788205020148428 0.816391028365413
0.936228722355802 0.766957225463244
0.903602608850073 0.771435138550213
0.851000072539257 0.834559869598427
0.519517156869024 0.716694605164156
0.302030248940876 0.774529493896846
0.77621972506634 0.816385448021365
0.888797546419061 0.827891241667234
0.622785324875289 0.810853443414588
0.963883660446702 0.831020480022296
0.874397951027197 0.749261737790136
0.89823596195118 0.771871841608913
0.905065596592623 0.846238975168514
0.703767238456582 0.80160516700814
0.656338899449168 0.787515950492323
0.640859087413409 0.810226733200798
0.712492181328187 0.856627181481609
0.755785657895009 0.772267677492755
0.825606819763656 0.720420750513551
0.952867230411565 0.77478550254813
0.658691848352429 0.743144604602318
0.727762517090709 0.772798512199727
0.855442049725289 0.726072142618931
0.383968205742745 0.822212194599462
0.821390345148535 0.832175127404884
0.574620851747306 0.785106657134451
0.888817985399656 0.78632288648299
0.539165178914588 0.770295053019455
0.676427103541102 0.745222213992814
0.613473110361382 0.783521593095566
0.880119712013925 0.778539911414497
0.316426749117358 0.806268082324009
0.833092194579385 0.826309325580371
0.79872224441949 0.851324518378678
0.775832235808403 0.749183071829631
0.92400961448003 0.745025614935779
0.971762564418338 0.821775150407282
0.764068122373653 0.837883213972457
0.564018471319058 0.740990228401809
0.953643571106182 0.751746146144608
0.702641112326227 0.768072092670501
0.622609820711394 0.765064751917127
0.365449130913398 0.748169677338311
0.851309527898346 0.835211189623318
0.542902970775303 0.799344188188587
0.959330620802353 0.839036581507028
0.921005069529326 0.739566921072283
0.48755752979854 0.796899054906104
0.597775046453045 0.754424956054751
0.733623950386079 0.752698436889309
0.698359862990966 0.745258235511486
0.876991950141952 0.802607293738556
0.392917662674634 0.778055418304124
0.740654773704686 0.818863453637775
0.538868337406168 0.756972187722289
0.391810946645792 0.765975670580961
0.963062135374533 0.720393920295477
0.718549610093881 0.807150315889297
0.801757483018491 0.814591861436532
0.979705398014645 0.775593857344568
0.847120520989858 0.794612794799629
0.892625867665745 0.755303276642679
0.85131117451156 0.781861493281302
0.798370518613479 0.730800940258824
0.765949932528565 0.842651626252425
0.765093117810217 0.829808561220714
0.782717442981661 0.78612638179722
0.818687268832817 0.757032259348529
0.80172594650342 0.853797086919764
0.526799093558506 0.807319521796967
0.846788851289955 0.816951442548883
0.886385627946152 0.723135084646119
0.497567516908102 0.73420888034548
0.742893626832154 0.794163698256975
0.902504098232178 0.768658441889304
0.566194201035055 0.753759117585576
0.830241437910892 0.777912499420777
0.569648457857943 0.797089428405496
0.647195003909532 0.741330547304742
0.891306605823724 0.800051610521469
0.699420343439235 0.764588299479195
0.595200278187642 0.815805752798358
0.986925549392639 0.807677603215827
0.89723871406113 0.747662208289085
0.911550169939507 0.725316369135237
0.791712397398227 0.732950222039535
0.847172634335602 0.837755851814188
0.97018637951304 0.85052735397468
0.731318233225933 0.821580843236209
0.399117908096704 0.823466167713428
0.440288351174051 0.731584718383462
0.865093742398191 0.745101275873321
0.629008977280462 0.816054119364239
0.932945703696143 0.760536459240713
0.828641715053726 0.809046862425726
0.648685204176982 0.723999552551872
0.602283931806735 0.760193813849287
0.548967521550011 0.841415228609374
0.913790574545021 0.766629739391399
0.726863633487392 0.753002525622479
0.835505808383048 0.820218814342014
0.646092223779483 0.797291389735756
0.960062508751462 0.767208090438423
0.705369911501783 0.736207113140842
0.967257026932535 0.825607573806287
0.84773343460164 0.715026426026989
0.422085530128509 0.714837550902608
0.188180375493454 0.781466207234588
0.820102678450094 0.828555175455601
0.777551534832443 0.778655199513815
0.942117014777056 0.831341167015985
0.57822829031246 0.779104981889465
0.66317304453181 0.81223169626179
0.766262515135863 0.725119246333032
0.880434966518222 0.750710062110488
0.49605287115406 0.841822539618656
0.793952555675571 0.742300500110433
0.927040947466818 0.812203940561324
0.755225834837979 0.765801122200026
0.843612520908136 0.769631637073786
0.665830950120583 0.793166005291135
0.828860077523812 0.788314951463153
0.896969039127901 0.756237282151809
0.630053430741624 0.776132784896981
0.509051308350643 0.832009320363725
0.769749127257197 0.743027057264116
0.526435723378502 0.848473617276503
0.702641112326227 0.765065768602484
0.686716348765697 0.808710853078337
0.612187166911623 0.828234826339438
0.906705125470893 0.853306424063588
0.947066836941088 0.763270772591107
0.888195659328417 0.828952964548463
0.808436803302273 0.757750131387485
0.638838808482565 0.76567462498321
0.787921447500107 0.772607748918759
0.708635853448736 0.739627555947761
0.902853682585967 0.829082316308515
0.899420528122172 0.810866391587655
0.778340390724187 0.758392243786366
0.959458950806163 0.782524115723888
0.423669174705778 0.72289215660162
0.592070740475517 0.816291802144142
0.761749665996757 0.754629037558195
0.880946469560028 0.729910086468518
0.916144676952195 0.787715050257736
0.69185578603804 0.803641834038745
0.879726677356782 0.853180892513039
0.965142195617027 0.743960113088444
0.907097173623469 0.764128466149708
0.643088394071326 0.833943047512737
0.864739647031457 0.852848669679925
0.775195966999531 0.840190370007717
0.8982781086361 0.804652807531064
0.904577960872522 0.8288445214849
0.52140169932881 0.857080042388707
0.817921905131859 0.724473106966001
0.877440059264862 0.853483500226005
0.857329932551677 0.736125977516929
0.761058013958285 0.721622456092617
0.944723845783862 0.764214899821275
0.851690585027966 0.790102258270907
0.951290084591595 0.741006116966764
0.758145423602011 0.78371836559161
0.877001710777204 0.790829819903375
0.950755535354424 0.798797280658308
0.875834983037193 0.80174056929484
0.564966726229161 0.774303068885352
0.332385929516973 0.782756786865419
0.640446999926859 0.779279330406197
0.605664382552414 0.721551350536667
0.544492744954022 0.733633965133779
0.900634026225848 0.736484392115779
0.902524229483153 0.828260568425888
0.277805494600894 0.784461872860726
0.819949055186864 0.829615414978911
0.95275441617158 0.826611518462695
0.875676947277566 0.849031069244734
0.667327850321693 0.758160314429438
0.466349199762058 0.797421129428617
0.911443896361188 0.820778558446699
0.47279873525676 0.798290156891487
0.801586113155015 0.765476145803925
0.528965758817111 0.775208930309018
0.965946676058121 0.773795194154031
0.890440925024805 0.754282499296941
0.896255159601948 0.827539609925587
0.687729563603152 0.71448285544375
0.839774811655784 0.803489613496921
0.312991738733991 0.812559453917876
0.922211900051375 0.774246832596739
0.387359512482748 0.724772915066414
0.455423176756631 0.778539866371921
0.536980189013726 0.749287008797903
0.339207048238489 0.808143371448271
0.899485677843964 0.84593701140337
0.816495562579536 0.82890627968993
0.945885202092913 0.787772674150486
0.934746982120212 0.79265173243352
0.82083363024339 0.814744323865216
0.930729434917793 0.806408085658764
0.955709239310657 0.749803371554479
0.845396175861256 0.753978665875537
0.396886940043921 0.837135416420014
0.875851263701912 0.826463243071314
0.479084675053508 0.846964892441486
0.492407881491514 0.746248574185311
0.770013497633408 0.743629247869082
0.960921218022879 0.818150383381693
0.685438131770286 0.800221409964242
0.911690210664357 0.795891803873326
0.885427745260789 0.823797530051917
0.970158020026685 0.855642272144308
0.788525844912749 0.807190815454949
0.938217755075398 0.851136372636873
0.73706911443461 0.812266031726283
0.505513970035617 0.780882893782797
0.732433604102998 0.772583478154215
0.693160660809475 0.830144207607076
0.929284325098065 0.724132901519662
0.901470157357976 0.725986330660591
0.758403296538857 0.798850787677396
0.794005128398475 0.794369396249237
0.669160048419219 0.720108157081903
0.71569535287277 0.792517659342189
0.893327039150291 0.725652841863026
0.788534605023032 0.751552759058116
0.674000427665794 0.84966619016262
0.653695276427541 0.806782372291458
0.198240657002011 0.850223551274267
0.866665717196274 0.825569216447786
0.83814275693985 0.766731795626566
0.602649145318788 0.791163587558775
0.653212943910467 0.794616254833716
0.767840707898825 0.836132893867566
0.837784783145554 0.85147396489726
0.889679295413007 0.736829444447802
0.823076957966261 0.809752949215549
0.936932767294022 0.812330413932158
0.641502492045862 0.819998027999638
0.900688121450347 0.715899465441298
0.892334674489266 0.736094496754515
0.621640124514555 0.844837765474527
0.805913830811551 0.839347516335055
0.883742604825002 0.827494277333866
0.762819831705562 0.77388365140942
0.592070740475517 0.822658790366668
0.907241685271012 0.760086080387431
0.700462549036425 0.75026839231373
0.746819904869954 0.852874764045687
0.626655278655467 0.746635036470912
0.620980547599622 0.715040716265986
0.833810861915865 0.820303842694413
0.665664920370825 0.743857771577767
0.766262515135863 0.792331655855817
0.769241080795541 0.85175466451528
0.484080134301249 0.774349106925283
0.875861659409883 0.774438925005373
0.831005783172132 0.727769763230486
0.649010750573743 0.827260343913253
0.24644491656218 0.789421283886398
0.934293647542909 0.754077621174863
0.741360140898593 0.782102646403615
0.968492063566696 0.733475063450413
0.868825294623573 0.75495927331873
0.736734849274057 0.757571510801468
0.870047168856939 0.727614401899553
0.424022353437993 0.816556769857712
0.874917142504977 0.74566123757524
0.77853437416695 0.755746278140099
0.775231072191766 0.716694605164156
0.814985022908694 0.723709780755699
0.814985022908694 0.775807549927713
0.636756216711456 0.764398367585801
0.471256019194183 0.762750897153906
0.277984199763466 0.736608674277331
0.89446688733658 0.72289215660162
0.826695726183786 0.784149637033382
0.880119712013925 0.721259923087724
0.927149962724425 0.786899912833088
0.762264331904355 0.747091926575975
0.819143425744215 0.801870461661383
0.601464357973077 0.787044677996601
0.864794308032682 0.803384807945129
0.923997450661976 0.772427312562377
0.936916909564259 0.73052807524665
0.876166462810284 0.828317864933174
0.86587506670242 0.823675593073194
0.725516068483863 0.802741540126338
0.701867061380947 0.727988842446466
0.860198584703111 0.743993563236788
0.914355023141928 0.751210244932753
0.946697825650989 0.771163099371685
0.936713345364851 0.718688452316364
0.712715987479792 0.754249046160095
0.763713378839405 0.791092691237427
0.803316135524585 0.72241653263186
0.494035158336 0.732986630011967
0.904868308030548 0.802513758059539
0.712860047442376 0.81572187794606
0.985507909953149 0.783210630699582
0.696624135336547 0.786686203738976
0.815396811366521 0.827981722231185
0.817133408941727 0.812574317474622
0.664729746333325 0.767732960731731
0.611172871014176 0.774158991044728
0.548174889006037 0.726060441383546
0.858360361255723 0.736151812368082
0.711284789010786 0.809475779361087
0.285081142476477 0.817609451375719
0.932158840228383 0.71452738016137
0.612347398353241 0.812204961425257
0.89083183678629 0.729354776719032
0.749306422338542 0.733037341680305
0.558433103206304 0.719171346761815
0.918663583370853 0.79124488635082
0.732951961699069 0.743367836929499
0.772270434736444 0.833317886328291
0.429972976973357 0.822169245611327
0.851076336342992 0.726456792700477
0.932024334832978 0.844044000776283
0.779936409601109 0.775611660680572
0.963113298284844 0.828875205232214
0.855688270492311 0.84050052385287
0.21120576360298 0.780647192676336
0.931266360071744 0.714336990860093
0.832856128579444 0.804336761593125
0.631665069714737 0.833402818882171
0.500977218866202 0.805707408220624
0.906705125470893 0.793639138776873
0.834955845506058 0.783965374466513
0.949063477308537 0.738097188555758
0.792245487318141 0.850692013047547
0.666223775773616 0.725669944575931
0.71031128216923 0.843577611355512
0.615628139975696 0.743115061197094
0.948853666807068 0.796223975099745
0.95658987289906 0.840066749551086
0.904856603806078 0.744669654574894
0.914221830463981 0.803672454147259
0.9343673455512 0.748452043045379
0.782078909274845 0.819446798022154
0.797328498175756 0.804888342095949
0.853115440642492 0.749807403696222
0.431614426782392 0.784910102030721
0.346201656287542 0.755279945891583
0.726499764920623 0.827569017071931
0.252085331163367 0.715544997864116
0.918839521210851 0.716132954919606
0.590085778659253 0.842048486449591
0.52414626946243 0.840257938175437
0.654286148030079 0.727346996770308
0.758063519402166 0.717217965897899
0.68149265769834 0.783932155678266
0.582429372328114 0.806674375509733
0.936785356060423 0.741087029051359
0.110117071837646 0.718477675204861
0.35046961199773 0.725720774393588
0.939010502072498 0.783359662899691
0.40934988799558 0.812131531638517
0.182606321988749 0.750221436785352
0.584626043936875 0.757225210322475
0.613222958429049 0.844902166734299
0.372765861855293 0.754613178718628
0.929258408436979 0.816216973669849
0.960632731197928 0.753919641693931
0.818925085609854 0.761973647629674
0.945978047631434 0.819291951740743
0.810176271175589 0.750173106996397
0.477224895354249 0.729204890667012
0.783959076882261 0.714958365637049
0.767975807582507 0.715829460950494
0.29721089505607 0.728530739022182
0.776149755668879 0.764226084341811
0.408638261844262 0.722669192655324
0.486719749170745 0.834072589519386
0.857687593954086 0.830583314212072
0.945163352251205 0.768928368512607
0.655009782843265 0.760295830558196
0.962979560315839 0.799645641916079
0.587805973533623 0.734615866955136
0.73982658545675 0.845548273515467
0.936523335701395 0.785466919634563
0.98546173314249 0.856406522930789
0.870804089256972 0.724209603415773
0.804010566945429 0.819118250478835
0.397709736372965 0.833536231904062
0.705977010866123 0.785168328949041
0.879387603275204 0.848842034937017
0.858481877540378 0.722290541642028
0.724173371967267 0.718580967808915
0.888235176014872 0.796376810766232
0.922491840487032 0.757789229843235
0.787250489069063 0.790495582874376
0.923389994545863 0.735349852505773
0.775905966401451 0.853864971156599
0.678613270301142 0.721449990895287
0.557032686421939 0.79721742502926
0.850974526345966 0.802111333441197
0.843569901865959 0.730735330676857
0.808193315383418 0.786620130843302
0.956133464598129 0.837656603366786
0.621200800057343 0.78539240237497
0.543159516775613 0.825280183353463
0.608884426555781 0.856158142720311
0.872125232262318 0.727255793614163
0.965292091060425 0.819118250478835
0.88647934764248 0.765400617904878
0.598026207013883 0.79865645440142
0.880618481042923 0.767349611292558
0.969798220337305 0.809599994388799
0.406454211951559 0.727583098044931
0.901273460289115 0.725720774393588
0.603569871900591 0.730448553129289
0.790718195108307 0.744056047910359
0.699420343439235 0.762233182438456
0.848209759841843 0.758900209291314
0.440292743343162 0.718076479759828
0.92531736038485 0.855450478489502
0.733553315811999 0.725682467425529
0.91280273814606 0.834799052777777
0.450414790566523 0.716869876537263
0.2036254046741 0.774799210929116
0.850335564983165 0.852302747205154
0.671367989743187 0.758991041118485
0.920179997196676 0.714814173708778
0.725160057497881 0.853347340034222
0.79034274469472 0.815949885330427
0.298821138598361 0.805618171572829
0.73950020916926 0.748814887218872
0.76089605632849 0.720463504967171
0.886943825383267 0.763319854902866
0.815037322087014 0.799019142012415
0.667780114773646 0.841117862445212
0.948683142320146 0.760485281122686
0.912455959225479 0.809833382194112
0.88370121754862 0.828236116317825
0.675570425245717 0.755462834550306
0.748376343811086 0.774656273387809
0.425934582620832 0.801035198396177
0.960840312069406 0.847996875761687
0.867353668718354 0.723910213832311
0.832330186812582 0.834590517055543
0.911299573558382 0.75211497295687
0.442476481699532 0.729310394288327
0.629261530898562 0.723969555279075
0.769404230049522 0.783134674713157
0.213924060697774 0.810449073305369
0.901500798395264 0.723352036424321
0.875842545030049 0.716979888927741
0.569168325168374 0.830518975419168
0.70701834432896 0.786655120184903
0.263553807990159 0.776702789241234
0.56825492072444 0.761256673115418
0.534376825263216 0.795352463187511
0.757261688762579 0.720611426349089
0.912013593810812 0.800123932563911
0.759685972293542 0.76258470144059
0.872219678650614 0.716247446707255
0.137432111121412 0.804694862375425
0.843491190688357 0.730040935534396
0.893501494193314 0.840789201666531
0.532170153993801 0.718049519447662
0.73099849797885 0.837022768384157
0.640997542705963 0.758663358304874
0.894586208891273 0.784802634314557
0.755237102309232 0.792417421027387
0.460550132996582 0.739468303463076
0.460092698132912 0.739869801164332
0.685863901591152 0.791496794034206
0.844723836236374 0.854337391635548
0.859643087965072 0.822602125202108
0.908762514143002 0.824874798693579
0.825270540486634 0.74682068650756
0.833892605991314 0.726957825650961
0.583334293079066 0.79145607208721
0.908494665101261 0.738062816022588
0.926138260784839 0.784647451137983
0.968853845570435 0.821439478687129
0.926377734039141 0.81857001146839
0.9157425596033 0.787468959595479
0.647195003909532 0.793007098788348
0.712409668728488 0.715313677377918
0.55312976951408 0.751948375325957
0.947325373936411 0.715852865544161
0.979942611871192 0.723194468137761
0.829856039011725 0.855140421857378
0.29356581286661 0.78718362471768
0.870059370412041 0.751244493576196
0.786222651267067 0.835222791835626
0.794763169231514 0.724778041623402
0.53426052387214 0.766158011914703
0.723439131787637 0.767333361270402
0.92310579531675 0.845194280691759
0.715417968409516 0.774714009277153
0.321127793093425 0.755779438554323
0.831824404472756 0.936272972245827
0.883072862343668 0.899898637505226
0.84967985306129 0.883573882421671
0.743271611729928 0.89165359412653
0.74850178140947 0.927115076814407
0.700048188797559 0.880711556123409
0.829491295956862 0.884678235181523
0.889499228540449 0.902223874115641
0.381266466608589 0.895231612847879
0.70195464811567 0.90176359983299
0.901337170729014 0.907795872295406
0.784593582357403 0.888633302943607
0.955388269532062 0.919365846629653
0.511202043772392 0.899758561953581
0.779279284893251 0.933493495331284
0.894272012255765 0.878458145619289
0.943144048036826 0.887821937139857
0.676611573630796 0.861162397539756
0.863471834950085 0.909643789167321
0.944660104149894 0.88785489265255
0.932334906663858 0.872588931799205
0.83967553283359 0.907734945597302
0.894977102158456 0.959313442443565
0.74956901875179 0.914416681703619
0.950453070160634 0.870701210354245
0.918161207044688 0.987794923457094
0.94308203876373 0.869014437950252
0.927490720746601 0.957387897295586
0.791375516689422 0.902471497116964
0.491671537361398 0.859069801601386
0.619112294466779 0.920102124288628
0.816909711336643 0.913316446868072
0.555490151315025 0.881171688171205
0.89257137966116 0.990495894487602
0.899380698657844 0.906329939608362
0.743261324598348 0.949848250117543
0.880403259298869 0.966704320948971
0.534608470666526 0.875751044607727
0.945861743859862 0.942376123862686
0.775920313393904 0.911668217152764
0.507315768165713 0.862500165532698
0.87759842198194 0.933292082996792
0.926535007144491 0.927029444817527
0.774971451819398 0.857818426757392
0.8279057172096 0.924827354829303
0.837712138960289 0.874182861627662
0.858721462755968 0.90832777512159
0.879141825397096 0.939714357966356
0.919856881856575 0.858098742033724
0.958698287853178 0.917553727253689
0.88934428018827 0.89931580686751
0.716477217080683 0.968571878688628
0.885756502696106 0.943901997044279
0.868089416830197 0.885496049002036
0.847640585478821 0.895132301886105
0.90322521822743 0.930051093187648
0.738006672337879 0.943336282226476
0.788045074162602 0.987546867719493
0.965897892121366 0.907677351664251
0.755799744821741 0.892591539982759
0.429705839311802 0.927643629198613
0.866409033296258 0.857596428112497
0.850749577412528 0.977643520687454
0.791233192793539 0.897904071850191
0.765994408926252 0.862642207565346
0.788534441539579 0.908019536870778
0.689267294994767 0.857532801349114
0.681433827486419 0.943401050537906
0.904519457376778 0.899632605841031
0.945483170038384 0.917675201641042
0.852452717105997 0.972603978489179
0.933872917238843 0.957667824034238
0.43633105320331 0.879143510259053
0.37879470957535 0.877571214522626
0.876521786214326 0.945681676227025
0.705762290291514 0.953522369398994
0.332899149561562 0.920516233194952
0.983753305063439 0.882022304798869
0.80703141907454 0.87064257785057
0.851278031537199 0.898256086859688
0.769502523852735 0.871377795873297
0.948043717938325 0.862832014866558
0.923819082082997 0.937397978633152
0.89597426809349 0.86352639967195
0.894977102158456 0.921166983381204
0.419262920530223 0.942238723433546
0.79567637209184 0.874306828620715
0.944690941114053 0.898164027338554
0.958641353357705 0.923307372082062
0.94308203876373 0.900653495070198
0.465727629289207 0.934922442941021
0.928325974125739 0.92439705296786
0.528673000557477 0.944831056711365
0.913132133769404 0.917225848677724
0.644597261540535 0.934023116893792
0.883156916070362 0.955875890009301
0.900896529796104 0.871586614461995
0.173252974984976 0.92414667293469
0.493945474770173 0.868917035957063
0.942178693617038 0.934055592750119
0.821598085762814 0.931904677611406
0.600054133851527 0.950933946288499
0.517664436630244 0.957302315011624
0.957001350848763 0.917404766847653
0.759773425505774 0.995314021117048
0.512526788316713 0.970363260208321
0.951783915036437 0.875513044993826
0.920767139051416 0.866809422788712
0.925389820538965 0.954437613069634
0.783550584034402 0.862587738216859
0.368723930166982 0.959313442443565
0.820765983676523 0.885143246206546
0.458620174586238 0.932877367013095
0.868488507223717 0.891345053069216
0.804779506045371 0.863111990680457
0.849712294075759 0.861455795074303
0.652372749864744 0.880343688231453
0.778440460853368 0.944569299832302
0.948349941018916 0.9451811307293
0.807157932787256 0.862438364971771
0.862563459675561 0.898612175777562
0.672948333566427 0.981612679282981
0.801411943950997 0.958666826702116
0.757466554110555 0.899559708665796
0.654206532020636 0.891046954408128
0.758926277790223 0.860724675854628
0.591471119294562 0.905080970834101
0.254158565379879 0.877398890678904
0.877218870406187 0.86997903519615
0.629029346960213 0.862632519092497
0.825951776601658 0.922852645634274
0.960642056965615 0.880865429506265
0.392420080950108 0.908827890210581
0.92663206800934 0.899664341470078
0.7563825614251 0.863572214687164
0.645399320563866 0.857394505610166
0.901130910786218 0.897000416384399
0.947184529290378 0.934116572525686
0.885677971478944 0.90359190896539
0.972342399935863 0.905155858499017
0.847678118124566 0.916121828680069
0.697495217750821 0.909302114802296
0.952908777821777 0.876757460806338
0.71394882800791 0.920776283829273
0.944341930738999 0.920236016311962
0.952210739739807 0.945533741615942
0.484424247072475 0.921520058779963
0.937723839944527 0.882256684337795
0.493299043601227 0.866354886281839
0.718360855874369 0.875883890362523
0.596053129881913 0.909302114802296
0.777041663470071 0.8652355061101
0.975694895049297 0.909535423466417
0.897288074709249 0.877475830798337
0.806850263962914 0.872698035673855
0.917755641175495 0.91286842323448
0.438455997449441 0.870986263633867
0.967994901280347 0.915913024734259
0.866130067328069 0.921146734481722
0.756652683744043 0.894863905162256
0.431367869074719 0.96309886463434
0.907925753110703 0.880670819677274
0.382825413540372 0.913504064884389
0.951778060345247 0.911662074545108
0.927623459020246 0.948222094401459
0.987667639420404 0.978974957485238
0.408895020266975 0.932805256457427
0.840700099036127 0.926342183547201
0.77595970080184 0.867670482322037
0.838528233240561 0.971142841005476
0.690521084381629 0.871377115437986
0.747367075888389 0.8754908671673
0.877816509670279 0.906323286331823
0.878601236382292 0.861418724018041
0.827903733247749 0.867131190638749
0.762720156292677 0.886536275207975
0.847458296319778 0.901803755530345
0.942403800675279 0.899645463488618
0.925900419762709 0.979051015714356
0.38561605833371 0.959636595491113
0.953940794264201 0.884679294981243
0.931426292939134 0.974755248980014
0.910556410984133 0.9694065662026
0.94356645548889 0.930595777699614
0.79213473041741 0.870665353038815
0.871352829140429 0.949531454209518
0.553523426135723 0.951558866201953
0.915567078168514 0.913703343329892
0.732140259053157 0.91384462440734
0.932222083916338 0.911042078125105
0.571930130471072 0.864774418192241
0.720397280472221 0.925207213645253
0.686943714185319 0.941016907243327
0.513191238282898 0.919009159959666
0.547680092697795 0.867110889650877
0.935174206532323 0.953543603468938
0.923166859442448 0.938723118821099
0.882892618987623 0.887375974585866
0.586218524850624 0.871866432585989
0.946281483287083 0.90693709390229
0.854230897078298 0.891984223629108
0.665632513430265 0.929587243658404
0.578999316502038 0.910761077494299
0.910700137901026 0.883905186710811
0.526298631034906 0.95529897334789
0.918716085938163 0.8949941389443
0.764824081931576 0.864096160758816
0.900783790150587 0.982531675914745
0.803765616184062 0.879773790804075
0.856213374799432 0.966919367857666
0.944574224826194 0.884521413688227
0.936758115560233 0.929768076772999
0.802071985597447 0.894711671119893
0.635974036214795 0.948354800141654
0.78709523315511 0.941331830834714
0.719460390629644 0.86932481838557
0.687615140441054 0.889715033794572
0.606934599233077 0.957926743256954
0.500420091063451 0.95619150194492
0.123948400412536 0.924147611629536
0.339376562523767 0.922059284984172
0.890456705922978 0.857778443167774
0.854568469844554 0.934365475955951
0.93370431600369 0.938060631519584
0.88843317680609 0.922025079524109
0.821073939468 0.978261751118743
0.545893237935133 0.860419070772014
0.458620174586238 0.966360897754155
0.863289977822508 0.982938205289768
0.428355232850896 0.926911775414875
0.760426108014676 0.917344002757422
0.956766885480845 0.875689218242318
0.721658504676787 0.880956238821191
0.76725303247866 0.955659114923754
0.983870151886843 0.888371843164077
0.847235761205099 0.881817607103891
0.691632784377677 0.913445391739876
0.860093838861458 0.918757042499607
0.734936848338387 0.871971883665356
0.745694488019637 0.9039798117477
0.79123210919467 0.962782058705655
0.618168268157683 0.876902672990568
0.84535495882718 0.911272788685485
0.778117657608377 0.957698869454241
0.973588521134762 0.858780999364519
0.458353167993375 0.861570087674571
0.950235838250664 0.866809422788712
0.65691240994221 0.902426126053482
0.94135844130645 0.995844799543562
0.765709319929225 0.949204097585811
0.934080544294583 0.877358707750262
0.677000919046771 0.948315180399554
0.888563807667526 0.87507961807245
0.427509336984573 0.957823114641398
0.726231084933311 0.953999967348696
0.57647779218986 0.900464561063839
0.830795541449352 0.868619731160036
0.791950597750382 0.97246734331695
0.973436572813735 0.924634717122088
0.920390075706169 0.975381330038516
0.193838267893735 0.890355735602663
0.934789707096068 0.876226008961446
0.890945171761016 0.924628597491097
0.942035361986209 0.930379236773827
0.858460135584341 0.991535831527525
0.899395081189517 0.929159648405919
0.834730315123069 0.899116556965773
0.617785385217301 0.9428339951821
0.56792337777064 0.983246178411669
0.926114962467126 0.888139181487452
0.961133073615062 0.925693591397191
0.846178472475864 0.876144278384419
0.931675529789258 0.89300596632332
0.95768343352786 0.956799528504897
0.979632133895734 0.939735971447981
0.758926277790223 0.93159313041837
0.7416585030863 0.976823652005326
0.911617215737039 0.878857403478433
0.820610940100515 0.9409260131104
0.860218197203068 0.925149109913983
0.759773425505774 0.917341686840751
0.69510591908642 0.954953871312732
0.922805870418804 0.959313442443565
0.594220615962729 0.927999299257832
0.343975740865592 0.906292256518148
0.854101793574753 0.937716350407882
0.936826552923745 0.970584595784823
0.446557757546372 0.865597081059461
0.761204965651511 0.903532607390106
0.740915325333163 0.89231707457684
0.802271866059359 0.956967171451442
0.428453588817918 0.951398925339317
0.757422364637247 0.904384589582802
0.626786680140046 0.918266580097525
0.854017253198704 0.941342127836881
0.192453236204853 0.871453227553951
0.222727068943383 0.859967401703035
0.96839382514358 0.969260315046863
0.725881432803418 0.881938851440673
0.917588190467003 0.988559563614879
0.409340010622772 0.963978988430408
0.784374231635409 0.956199496708432
0.685745208600108 0.868874972098875
0.881685753067909 0.894825876211022
0.908466351481602 0.933095575879959
0.588423563300752 0.951167066751628
0.676411878099868 0.951930338452407
0.643252607564427 0.977072120571959
0.863179606694781 0.87571504416798
0.971275018380303 0.91358466360047
0.482346637272777 0.878258612391071
0.881700785682888 0.936420998585841
0.431939347044779 0.865547440598679
0.61272453655407 0.955207417805034
0.904245579387531 0.977988162497858
0.729378394772766 0.960170984042945
0.485181921495871 0.916797007841252
0.888670030967252 0.909971782693585
0.500420091063451 0.8801454366914
0.59724323186502 0.952460642730005
0.874424506657286 0.890852096345391
0.762973695345528 0.984833727985491
0.318289532668895 0.913961504921847
0.549002841278122 0.943901997044279
0.963029267766909 0.949484242311055
0.779842207074006 0.932560917483105
0.850650865067034 0.890787908430036
0.900783790150587 0.89421111713132
0.818649814042198 0.868732776901679
0.753461314400616 0.944541430287963
0.932978814230601 0.907868646911352
0.983270101615591 0.892946144441206
0.656839531633089 0.866696524660698
0.932778211067962 0.879294286709892
0.864461687580207 0.860071024890844
0.855395481490122 0.898138980177155
0.876954428776111 0.932048019852767
0.569154100914436 0.871445534232606
0.741453165669907 0.966919367857666
0.711274580088997 0.94937976015227
0.690476334303983 0.85945317600099
0.902701971996293 0.881217011481305
0.766615999583066 0.878369706494304
0.952577088546141 0.906106534103713
0.749357079837004 0.985056941778256
0.691739670019804 0.902786340093859
0.768975361050229 0.897649879727165
0.684328325781873 0.898559014187307
0.796110966071103 0.882689793094843
0.424777903020282 0.858854832351552
