0.974461637724208 0.136765872177439
0.969184944002564 0.0972815062306637
0.983023874146664 0.0671586014370715
0.973562358718797 0.0678516389662284
0.860671914644921 0.0522320923910574
0.649733709481721 0.0564148422167548
0.215405443695861 0.0840137225825069
0.74639285030581 0.0114471046052856
0.849392354627164 0.109919162253176
0.879138796916037 0.0228356311865218
0.290911948532548 0.0302048781676368
0.927573031315057 0.136765872177439
0.384792642240296 0.141964029599571
0.476284706374079 0.108624572121292
0.882783544177627 0.0809926068696595
0.955531412873129 0.137306320424018
0.465529701932556 0.126237753373041
0.881343564411584 0.0886944816205906
0.920998414799258 0.0770946484019558
0.953558270570889 0.122519177575228
0.712616116505693 0.0615578642130325
0.866618758149109 0.131237546211899
0.681300361546527 0.114931830599188
0.642350544865031 0.0555635948520004
0.406836587562811 0.068337578499495
0.718699103649544 0.110821862608246
0.846371514900537 0.137751272128453
0.669650979652846 0.0621587901043829
0.960436533632296 0.0775042987716794
0.143521444439061 0.0769430144149326
0.316707453588423 0.141829687912332
0.940891621710003 0.0940330690853679
0.958028039594626 0.061925744143723
0.850576341344747 0.136860496155667
0.567505293280549 0.0744647256303497
0.50404678930517 0.0795394684805378
0.540369483980382 0.00653933952402362
0.853046644530388 0.0763939655321247
0.9799194629435 0.13016205260294
0.668065930168845 0.0212708767885876
0.588965860884693 0.138367047401947
0.906343346270975 0.142641062192367
0.909176649189149 0.115004732415499
0.067479300454848 0.140797857501673
0.713362927199797 0.082201393644766
0.237904003114016 0.0530214431798442
0.879367482355646 0.118799801424098
0.933632331703901 0.0735989882085189
0.520327061243277 0.135194594973073
0.548429238302688 0.107307962018758
0.6816004915198 0.121789300102579
0.163174680526854 0.0593198095922798
0.872452328357336 0.105194861265859
0.751160813428906 0.104830640422877
0.404026745187054 0.0833218714906272
0.83234932560498 0.107533050635829
0.912362972716216 0.110114949490413
0.929310819654712 0.118092987629806
0.944554642054348 0.138312920866197
0.910292101816614 0.128316303783848
0.736540073909684 0.0627684986580781
0.9130916917901 0.0690511930791772
0.742552134918141 0.0584086398142786
0.650265967315308 0.0972982549257359
0.183610758862223 0.064809764573955
0.231451086602187 0.0730444991957135
0.957301920505303 0.0804193133901145
0.782118426131304 0.0548132785544502
0.961619531623992 0.128025877112065
0.837350528197848 0.110081468874539
0.795904999424256 0.112036270738022
0.619662561527216 0.111438226790793
0.609744449838861 0.0822604765391316
0.957525571692968 0.134005001077478
0.454485749170748 0.114462395235188
0.664180579054969 0.107370667486872
0.914168309666486 0.138178140979964
0.876560741017949 0.106682492338231
0.849920912420532 0.0860271314871707
0.966845919157265 0.111659004405309
0.409561199091907 0.127121229760601
0.835037837021382 0.13379686762577
0.82459064275918 0.067882896577865
0.248340832344248 0.135207392376998
0.604430160255761 0.0669456162904376
0.922564391537671 0.111007343231963
0.77165555170823 0.0253508634731223
0.239303594373269 0.130307483578358
0.943562049449118 0.092016405388155
0.675739266794198 0.107186602228079
0.759682122064394 0.122141914596201
0.940691447494117 0.103824851004746
0.933333926720336 0.0439337451858631
0.4584072341108 0.0972982549257359
0.572952255659141 0.11132115776582
0.92005690496922 0.116573627872614
0.832825544233131 0.136498285540098
0.937635288902339 0.0861423372324688
0.771069437252588 0.0770876462868092
0.788228043379869 0.09713201357136
0.791016618679218 0.136987266167288
0.866320247920828 0.0639264790847843
0.944210914163296 0.129997832626574
0.84276991951948 0.140268006145395
0.651928691397988 0.115124065257824
0.792614281063131 0.106865575652648
0.930618014273294 0.116420274854078
0.486706229916827 0.119887732869318
0.391367083895613 0.0561687019208484
0.420543631904498 0.0506881188375321
0.338247307276967 0.0923223527053345
0.866316442840059 0.125909954140124
0.466160079476251 0.0335905261476673
0.977176551981213 0.00970988588050847
0.438121433102012 0.0462366286386958
0.821206356115586 0.0820455244614943
0.953521846113547 0.114519515415008
0.94788150066629 0.118811108673708
0.184265281441574 0.101091357854465
0.980853894712435 0.00797214830747143
0.94741648261563 0.0267572707845365
0.510122301550831 0.0713446913492968
0.938136760653943 0.101437324129312
0.431533597702471 0.0518850709318048
0.837792367870227 0.0914054650552858
0.975762435697612 0.141983900720728
0.852810620504368 0.0725439347208896
0.341925175110729 0.139464229681181
0.720159903690975 0.0111918762428542
0.827954534198445 0.11704090967673
0.935628136620258 0.103305441738537
0.757452973357217 0.107458821568612
0.928223915701997 0.0752398466654574
0.762248864754761 0.0504617142798412
0.713333239418276 0.0784533094049964
0.929602623006128 0.14074591645519
0.736762946073264 0.1118990127789
0.501914878359638 0.089200866350802
0.953027434717858 0.047349790336533
0.673992336391102 0.104787042919676
0.533242032256506 0.0251219715231845
0.984647943649468 0.0645869535683609
0.861432907018035 0.126389639110809
0.580296059132417 0.128988001388751
0.624921939396758 0.0732158856261507
0.561777676354635 0.121139585678451
0.405913122660171 0.0195225319581708
0.953734814105239 0.0237205401517977
0.539540727015058 0.128448078302947
0.810013051750182 0.106415180462336
0.336637899319916 0.0443948919497139
0.799099648866509 0.0750745792482946
0.588874888524394 0.069571561422426
0.275822267133322 0.0964283490388699
0.384084960249608 0.108637644644541
0.975727987692917 0.0166382484127964
0.359598250715328 0.0353413277801259
0.967426503140039 0.136467110269883
0.265992305457433 0.11085202115604
0.542803863427173 0.0380987998836533
0.648935691111194 0.136267443886737
0.796896564874175 0.129277792866563
0.808825413805835 0.0689967681898661
0.958290917253699 0.117978720139178
0.502490196309633 0.105109669266071
0.97015740339062 0.0666516071529931
0.434190455043666 0.0757850690476767
0.372379277915109 0.125413827722992
0.72570936006105 0.0272449326994463
0.654750349792834 0.038596210113551
0.825002075090461 0.0576574232873025
0.518848629194757 0.0432073812066186
0.933632331703901 0.0332660587402676
0.657091631689285 0.0961250327783884
0.904638794531175 0.0770262903141142
0.907579746838698 0.079633867235049
0.32944136148173 0.102544289849624
0.852180835623373 0.104747718607014
0.934781195572544 0.0418699464524549
0.966191919412703 0.033788645005045
0.148069571631499 0.136368738340555
0.862668903043466 0.10662592322736
0.529118221676553 0.065025185124942
0.961619531623992 0.130203920849022
0.847410087374497 0.0911577301764134
0.737526253147528 0.124643043719815
0.885577530982011 0.0912504881840243
0.797279100477879 0.106246148205507
0.700760271949329 0.0633959869942712
0.821192336233117 0.135071161682595
0.841643318191926 0.0266370460524976
0.761270392032136 0.0803484264398401
0.774537939042963 0.120281320559011
0.642639894237627 0.0884934018105585
0.905198358804363 0.118829030057957
0.93954998804811 0.0325356473512673
0.821832361749553 0.135778772530961
0.759473137352066 0.0675052728959923
0.786992590927958 0.0923409592478102
0.735152548979706 0.058535453554614
0.852880633037355 0.132323279965962
0.713431345380622 0.0929348963721509
0.376882560557778 0.107195230656415
0.948787937963824 0.0833283339890053
0.945485389394144 0.0252072302368511
0.846068145569787 0.0932962164776831
0.980581385019295 0.142520012904828
0.795173803022491 0.0661563589426716
0.579217985275396 0.127125048513394
0.912094403378971 0.0747309144419006
0.844035146057007 0.0726661353104897
0.126510429359493 0.0683159661997176
0.66357595961581 0.0976105093934491
0.669277460421052 0.0859627408830043
0.875293950742024 0.0759990840826395
0.489713171129577 0.0957506845113037
0.964355723612091 0.0417331723208595
0.626749793353303 0.114167521497361
0.705419507937922 0.11580442311553
0.964306646272909 0.0478813949632291
0.759340287099144 0.142195927021708
0.256368477748583 0.129859420907062
0.876729977601987 0.137732413329591
0.972996455451593 0.123973834731574
0.589068673588537 0.0455135971270489
0.07011261536899 0.0720516864992842
0.541640498748444 0.0132482216017495
0.985907165213145 0.102481863460825
0.960453057957553 0.0417331723208595
0.59631309393618 0.0792938873867981
0.589065980401369 0.0763649041101804
0.416211612906863 0.0775002879016083
0.980443059182745 0.0523496125610411
0.957997224758892 0.0297119333276842
0.68912674995881 0.0743507617115796
0.497089021327349 0.0583498762909195
0.464534574137641 0.0946330572144679
0.87333125912164 0.126071895296429
0.71361529128981 0.116006336603466
0.826788318938819 0.0749649864305693
0.611889944777704 0.0967094685624415
0.777992353635554 0.105697052448609
0.973885535953296 0.0960252409446263
0.665995045791939 0.10162549978502
0.612283838714197 0.0466998843951061
0.889507698910749 0.118932909439664
0.895288054131588 0.11043149585488
0.558262082590901 0.0744011868233785
0.906245190557837 0.084481581821611
0.540864730383402 0.0295815896711427
0.888187124077834 0.0906300140458134
0.427335595073029 0.0901954890447235
0.432456443978006 0.129287354957924
0.896059978754054 0.103838463764106
0.557906912639495 0.131019706118788
0.576769370637634 0.0777434833089322
0.292150935982678 0.126527753452671
0.616588731473028 0.13900348425081
0.115056408832644 0.0724443232500027
0.726529281773612 0.1356979752935
0.676896022753088 0.134622595346563
0.794931082227702 0.111847967995295
0.594072680458557 0.0837493773829848
0.874435952612709 0.0513385580440848
0.938019553736026 0.114000719473408
0.762131264462976 0.129838308953587
0.96430099828003 0.0967897851431349
0.836875576506365 0.0746014085990489
0.522280581126239 0.0485987890932106
0.688024062277873 0.131452771405014
0.87196089747456 0.10852286743857
0.938766358917746 0.132423273430038
0.882501528053355 0.0483539000654668
0.965372819635562 0.0663077105531423
0.860815261147647 0.0599993720528908
0.534294841935147 0.00449934672354292
0.577347052930114 0.126759739394164
0.745269632195385 0.0212939791057521
0.692436407565763 0.11334949398721
0.580668368716001 0.108011368067871
0.449401905940554 0.0328327073842819
0.876025199163802 0.0348867584765383
0.928532385453507 0.0934341481280095
0.664040006743521 0.130420363795787
0.975013789656692 0.0976894763563215
0.952036010436624 0.137833674166733
0.909184996380086 0.0933966451274814
0.505775498276898 0.0948813199478021
0.967860155511477 0.0586697290303686
0.800199590623419 0.0780968129459459
0.935481523817895 0.0775042987716794
0.810907043208607 0.0812948337116028
0.555106234133696 0.0939929088142538
0.925073156667692 0.116180728072195
0.520894604101723 0.0276739941903343
0.776449121549649 0.0122056331337362
0.977489289573349 0.0456098782206711
0.703513434800151 0.115369762099461
0.797067235927766 0.0240739623345791
0.659864769729089 0.14070163534259
0.256022013343831 0.0996086962709295
0.441530317156742 0.0460187965242474
0.730212482564274 0.0553392389480654
0.97753188978535 0.076484976649203
0.968636996328216 0.0692577086255119
0.723723024848252 0.0488661399918153
0.770398164788105 0.115043446614331
0.609170985539561 0.122729038492335
0.410553201773141 0.0700601500194251
0.856262163364938 0.119544178825763
0.93816942563188 0.0951357520063719
0.829073704514397 0.081439804748841
0.752142917106176 0.129611002371651
0.604910750471441 0.128030053955388
0.718785835132561 0.129397973119742
0.330861778230641 0.0608088651821001
0.599358787799075 0.114641674588433
0.841020086389053 0.0503193279809348
0.949327279008147 0.10662592322736
0.441542305951327 0.109617429661703
0.639932829135552 0.0546417195885484
0.804038020190679 0.125507609176657
0.921472720272595 0.0088676379380639
0.777446942915305 0.0575865336912483
0.835346687158745 0.0880416581925037
0.723880788142261 0.0405492617854611
0.886394159190458 0.10705550776755
0.455450757359237 0.103414801203724
0.613829286716835 0.0846047688070973
0.953252764487057 0.123681303490866
0.92450658171208 0.141429246476893
0.853946106857946 0.0398234399656257
0.798932951506677 0.137018523762402
0.530948048543991 0.0941388052178248
0.729960840229386 0.1172384622531
0.97169631760855 0.138493439670303
0.766853016342924 0.041761913992997
0.726781249964774 0.112714345590906
0.888771088301252 0.0702269196723145
0.810557212056905 0.127181729639614
0.96668346758129 0.127194529293575
0.817260032858648 0.097243935519509
0.578615669895505 0.0842058717980541
0.591307780473869 0.0331078941440292
0.615680891847599 0.0909064317231957
0.4319941441015 0.127944652390507
0.280595637172002 0.116316961127151
0.851077460085673 0.102648476151899
0.737918271239297 0.135939530088903
0.586347379312071 0.0459325817650533
0.242631584346881 0.106164774848475
0.846289409785503 0.181381391404821
0.861891354072002 0.215621008154968
0.706144945358208 0.174482659116444
0.591297907916385 0.215331420710281
0.846715279502048 0.164732183330207
0.52136778127428 0.271841465501848
0.86208488824108 0.19031510029864
0.149199062453647 0.185768044053628
0.944964617501322 0.264536903174417
0.524803644636468 0.15984355968221
0.574993700243115 0.167705237155223
0.725577392957459 0.273467853551302
0.896744951085384 0.16124111764945
0.726120974544152 0.179743875014899
0.881235516819728 0.201544310244651
0.854142859762795 0.171840810896624
0.948927642321571 0.214700740237408
0.930903280254522 0.207093091548194
0.94973768431254 0.19679026083409
0.753340820945389 0.255035300963879
0.530868584094964 0.271071139701245
0.708265850896656 0.278065717165802
0.955494110298288 0.192902705021611
0.943806758831406 0.261275836314479
0.958493988818143 0.200906082861752
0.288696307292665 0.244438106597389
0.500897723604975 0.223357429645801
0.850386063419769 0.158159008729858
0.288392555107135 0.261882828658102
0.932111836745378 0.274413594982416
0.849024449293996 0.240484264867809
0.408316617318765 0.233988052394847
0.619609860374009 0.153682889673332
0.61341057263241 0.148035083471819
0.83504970095405 0.267266165338819
0.489233477785601 0.197980582577025
0.918810448000237 0.219336511951521
0.797410419324336 0.185777516256363
0.644181155334266 0.219368914722125
0.524552846556945 0.223189794178058
0.938809365783376 0.270530010708797
0.851097048151758 0.21017671705068
0.527058376263652 0.235570065653058
0.349267576942938 0.257375108822319
0.716533188168814 0.219189384900123
0.895296817060042 0.228515404282316
0.717453347365893 0.22741525833872
0.630385330532974 0.246914015561884
0.357283839372764 0.242657735990836
0.737355923528527 0.147400149675507
0.843628455515967 0.252018342755838
0.876327087125593 0.248206781739718
0.755974426177917 0.152930817865394
0.728875629259817 0.280672699226962
0.682102365831204 0.21371323968258
0.755754314239962 0.276059233983045
0.471458249034748 0.181928614953068
0.728509491151437 0.191724028273369
0.358219354396572 0.232694465212404
0.610368826057804 0.184883573675022
0.882725433365925 0.28411732846627
0.670481088173796 0.261688764356714
0.639078760675316 0.20254628950427
0.754502715522367 0.157664555083878
0.839836682743176 0.218892712513128
0.793467756544593 0.144333266855122
0.511553279532694 0.273245974460514
0.92107540096636 0.235871672866989
0.875128653114008 0.231356395284327
0.71742401225612 0.265843751661177
0.105272943975027 0.16113369305262
0.543864039214249 0.275885374506064
0.719683778916653 0.158228695586649
0.748555155710778 0.234388988441744
0.968718333831727 0.253512927577315
0.553568129472559 0.275264111476619
0.94659539385897 0.199169613079228
0.855125644247049 0.208020897933471
0.556431027479823 0.144471624237042
0.918551876573667 0.211905366186545
0.610313974570242 0.282512101246157
0.604030867018825 0.275150182974387
0.811183375462436 0.193326026788979
0.915213901411222 0.213166517992461
0.671972181091161 0.16208955005579
0.235700739148419 0.244191410409319
0.936479500225208 0.243818336404832
0.839823497945483 0.21556532676867
0.813733209943855 0.206905256448213
0.782475927125156 0.215794349238729
0.939746103677279 0.220978492350278
0.881125205458072 0.201770495666452
0.700205784164643 0.274594350749984
0.607370318762965 0.273457882043826
0.78134572571782 0.23084328169204
0.782825394696766 0.168374922448313
0.55750589225136 0.229688789825432
0.612893354687146 0.176077740442559
0.713524798042641 0.142872384697264
0.240458021711673 0.166359489961701
0.903056273441253 0.272673846917774
0.87797126599865 0.199743226391477
0.223424749372121 0.228739340642134
0.772676421946168 0.243232519651328
0.817278774097248 0.156598754308097
0.365440291594614 0.179921899601717
0.706597123820295 0.238864448725047
0.869004105499301 0.216211944936918
0.392715445440267 0.24679021272783
0.962917277285278 0.209499185933965
0.964022993739973 0.235482758964668
0.655341468303959 0.270991575000193
0.819997405092803 0.250979576296695
0.63997314667729 0.21320599802725
0.69948508321664 0.23094497653639
0.943822655023633 0.256633344951615
0.816738260954793 0.263062500614874
0.281292354059487 0.269945135581662
0.897639913242968 0.247384443683228
0.363034354803803 0.181198528374227
0.829750661071306 0.275003463734314
0.522584927551818 0.16345250407316
0.894755850197736 0.208027017970356
0.584560312936242 0.28211677121642
0.832592942849354 0.245703033889645
0.702651556531297 0.193113422656544
0.821526414981674 0.262424186916594
0.637064813909582 0.171549430612319
0.462213173072542 0.195152890809916
0.75003753476175 0.228934957159486
0.92797048265418 0.154487369731019
0.745688124900757 0.256760779866581
0.204150230012544 0.277350823682672
0.845121185144368 0.272294447098799
0.763896875350056 0.216706600574476
0.804695949922856 0.229244287829281
0.882247408983478 0.16274353661535
0.978555480731206 0.21315184496214
0.870862597078803 0.176607688436464
0.91809097571058 0.249784037991989
0.882701048359612 0.151453213051194
0.847519180190652 0.172864563277827
0.793645118073558 0.178947978453314
0.263526769103863 0.233988052394847
0.733221235578196 0.264427824300491
0.93719990097471 0.175284981541178
0.559054133446779 0.150592309815085
0.899374125050262 0.20558749568343
0.942431187873974 0.177095329255009
0.803480571217931 0.239418624083727
0.561020720108721 0.221093761512166
0.857541265688872 0.220859474104361
0.958249589435468 0.16385648754294
0.874987035636983 0.251292489700513
0.883720491005454 0.225656942610162
0.711586431882495 0.155633106233097
0.653866581793474 0.209463056885036
0.935830908246078 0.197515873540748
0.876605149358976 0.195557894682049
0.268884065173899 0.187561025875793
0.953816230727883 0.285619416991784
0.766352756890573 0.260316619505956
0.852520514749128 0.224962433386119
0.819665431655893 0.243830656491883
0.491858856552282 0.168825273614262
0.731789869009977 0.27132979196928
0.608679046429666 0.251321258997713
0.936091072815965 0.144627335355877
0.618795714405199 0.183764149207236
0.917813424578954 0.273673202929155
0.733726271827728 0.192076965247053
0.886406279411395 0.24426096002612
0.662415678533226 0.203649857303892
0.943185209850371 0.26084540409757
0.846715279502048 0.281438537327325
0.755940249482021 0.208979518620541
0.942478392454819 0.266463420117875
0.951847330280528 0.199440729117397
0.921873280505085 0.205572926262727
0.541215445665483 0.174134978241462
0.295799191028443 0.162788468414534
0.671190534326651 0.19012438157182
0.902418334605437 0.146952068810569
0.910205824927171 0.144952453333958
0.739309604531884 0.284218735585531
0.937144460297079 0.271534690277209
0.27918710367976 0.216524037537071
0.66207459511976 0.239132156128918
0.968377663408526 0.264367475539803
0.29933659288041 0.242430341853912
0.761662196788222 0.176725935317895
0.8840847232017 0.266272309381269
0.694012862399609 0.213909096486366
0.499721888974159 0.260924440903273
0.354439431374811 0.229490913854051
0.721377827410392 0.191259691236005
0.656704901524162 0.261219247472857
0.813742743157215 0.206920176444887
0.84734316761668 0.181995836009485
0.765287875866307 0.17619551951856
0.934510933323656 0.212400936426187
0.954450330883594 0.252888669249456
0.822403732158524 0.189877910668499
0.430604563837324 0.285381119111561
0.717736294639639 0.266816802616383
0.482776205936795 0.161323013524796
0.859684070640355 0.254539455312995
0.386171318216516 0.238155470191487
0.438172007795227 0.251689711768826
0.57336099122776 0.217020927530205
0.87194636029935 0.18468566553908
0.701360814623135 0.266635457284952
0.813507728927322 0.205624506383809
0.724740741405522 0.254334053699424
0.9258962800994 0.257265790865897
0.576365431273863 0.164779951277935
0.742565204562108 0.282433602023078
0.792963961404335 0.207138493499214
0.299757291787168 0.249530701753722
0.816929600788503 0.272256425111257
0.801306056365855 0.230803385482826
0.0634041098166268 0.276473047999213
0.700677144154021 0.272513437196294
0.955611119141743 0.182961782818007
0.907063815000497 0.220258880118074
0.319855753479165 0.175878561357882
0.715351229934172 0.206625757989523
0.716729885520131 0.256697092491673
0.532448317908452 0.281343582822444
0.868941832613621 0.255556245211965
0.835142825282893 0.212285481933664
0.779720472141539 0.237065862590651
0.770518550664765 0.259135171952963
0.667507269621096 0.203627289781721
0.771560447267203 0.219780906045766
0.888403695020817 0.175141069406849
0.683262823560922 0.222733889949045
0.827435139164957 0.270581965107278
0.767813920339585 0.155435721911567
0.0863841391650873 0.262058415851992
0.864986020223852 0.19346768024416
0.78065635696775 0.247717457915281
0.948012066480881 0.204589991490607
0.456628255111257 0.149245276759927
0.462007603162046 0.282755316588342
0.855698332199011 0.232753097844575
0.758468802722693 0.188372866660849
0.854981737612029 0.280866809434649
0.855029503473001 0.221437207901094
0.938509471532976 0.174775623700443
0.569758334354859 0.212376594417146
0.85637416851578 0.144025976461838
0.545933109459407 0.171935600229695
0.704602535743771 0.209418325996895
0.77385867993848 0.215856779150949
0.439596171401772 0.200992316708868
0.285712604626736 0.190895754204937
0.748627023340243 0.197328052295557
0.83125380555291 0.28363301435658
0.91633323768212 0.261233450435079
0.417588511303186 0.204927868927482
0.884529618574973 0.178792659236804
0.772350732966904 0.278623221148088
0.814013691920521 0.271401504384509
0.855639694171827 0.254203425421162
0.568660513263132 0.213905955625599
0.87653973425677 0.217449795942577
0.676220414581185 0.22436941965772
0.889944776421674 0.285214447148759
0.726706391385397 0.227526038086168
0.862049459569997 0.194950643457019
0.271941851081102 0.184983501824352
0.323118455187921 0.164079439763489
0.859281759865811 0.172585116165692
0.933697191971969 0.170146395975594
0.930896124558294 0.250631592089838
0.970114051073981 0.149859267118221
0.255757317949671 0.156724368680954
0.0953309393648478 0.253056901728148
0.98411912544709 0.159354567695336
0.907010011763817 0.216548809442926
0.801096453460381 0.172773134632524
0.42758630763558 0.244947339125204
0.903428874053031 0.145676048900204
0.518483270128383 0.249106888919041
0.786474786663546 0.15948859033944
0.764958777660094 0.244608745316965
0.579869778712652 0.202891725575094
0.924408144116903 0.217949413055461
0.556629568182694 0.270708528931756
0.859016558069355 0.231277419344774
0.882050531551498 0.24719400150386
0.939329326964048 0.278210943028657
0.474592253177868 0.18555200249243
0.608875450905213 0.276137798748609
0.644248304617891 0.211468152844218
0.878082262709517 0.179474911232503
0.92743176018843 0.273616040284907
0.32533037867693 0.194965800320946
0.745635710514806 0.181165529153408
0.88643505204381 0.183372606043798
0.693552509656347 0.198235645778619
0.743090342188564 0.248353320826259
0.839822155259074 0.214227477649805
0.952206278895641 0.146203321169758
0.847420812238624 0.167459797463946
0.866146863498783 0.186473669330984
0.459753655880585 0.228447986881656
0.92963710282144 0.236512251224209
0.888478825752656 0.143321533798412
0.797124608624567 0.211033129919352
0.926100051177548 0.206293583421546
0.858638019331134 0.219370652796769
0.244604533481655 0.272519000157966
0.846480767384634 0.144004000262655
0.879148795045602 0.226138020775979
0.718038231118272 0.179151540481894
0.189823663222851 0.234326639071093
0.659816764252881 0.151862495566435
0.884407776631985 0.271588137422823
0.894284166996958 0.178205837169852
0.705496284121686 0.219931967350253
0.719626698731784 0.236406464560494
0.748392992881223 0.250625710859247
0.610399298361783 0.281221300271083
0.777892898094594 0.269746037512999
0.834803409172212 0.261693870823528
0.362724798067087 0.186488383321231
0.773327672642382 0.183472930035496
0.558079188691474 0.275640895565437
0.868377637811461 0.276549339231043
0.70389014757262 0.201744042228525
0.932854349141411 0.249340152563321
0.882673881960678 0.26112814398416
0.731134018533939 0.265230978565913
0.93244987927129 0.203436608560773
0.590716205000489 0.278474618227986
0.909809775179638 0.192434494760723
0.781529157008977 0.145785355453485
0.693528928455929 0.168660715524733
0.962696828206773 0.151573557539736
0.826141282754838 0.253374008240294
0.795991773241224 0.171916068915058
0.5337011106608 0.190781625598504
0.67245864568074 0.26593114962043
0.715474327698724 0.206251653693343
0.660200592298106 0.216624649859185
0.226481716193908 0.162390689117675
0.581824140367842 0.247197299568782
0.537281784444588 0.21461719312436
0.740264937669562 0.244285562068934
0.963325345070963 0.252729851085215
0.902290862341983 0.245083493545801
0.583346563645068 0.150020270446405
0.23920233078045 0.214184656451046
0.873871848003509 0.149782811418692
0.300637672598838 0.144345557943622
0.643612318321165 0.195971943433197
0.737174250516896 0.229674965486863
0.880288753086327 0.163215303594405
0.528101407953746 0.239735900674476
0.832501877283899 0.218026291482028
0.569447324888633 0.189979908850888
0.4641768398391 0.152716046382967
0.855568508080308 0.159007330266952
0.282956301063035 0.17729446792296
0.920712858115002 0.229874071468804
0.791961104832194 0.167373468427984
0.471529642718602 0.20442892637114
0.790351494646635 0.245087671829909
0.132659215879226 0.172430040252235
0.880591305549034 0.225936163084797
0.70830616043179 0.194535114353197
0.647056005654643 0.21700137110452
0.674091261286692 0.240080131791676
0.61864152681599 0.166242017238101
0.643014424529112 0.283187435124183
0.815110840281893 0.259114524041308
0.622496519477663 0.204787998800466
0.891705860571818 0.208914225965432
0.625989459418627 0.170023267402462
0.580643679667747 0.207591673301739
0.575389380226666 0.181011765526777
0.906916485205154 0.243100765929636
0.520831672847622 0.161939175247036
0.670218581423589 0.245000446074905
0.908897587110514 0.236907518861752
0.961874769459946 0.241224209556755
0.667686171775327 0.228091186207273
0.920961915061525 0.261584238963699
0.766801508036957 0.23626036972069
0.939743225155827 0.149833661157757
0.667173610615875 0.276952643449624
0.544887475962006 0.27254225537061
0.554185117344728 0.198454733618256
0.611208422003224 0.210224380165907
0.825198592967039 0.224938828182399
0.680805298939776 0.256927752945334
0.240525101625863 0.176976689060247
0.948261188631815 0.179441913953466
0.563918465695388 0.266799054348108
0.79038813810866 0.230016785510526
0.580125644238286 0.22041864398729
0.870510203671763 0.256359779027141
0.639388488824538 0.165601525837837
0.665394055508662 0.198662411635045
0.866703960044539 0.180165771960594
0.710373545459748 0.246458579100776
0.767813920339585 0.198454733618256
0.848422958699357 0.264227298242041
0.143266700488424 0.266172780667515
0.517675929507168 0.162956531042664
0.871615949262228 0.19998130760606
0.613767224861913 0.260139862548071
0.614074602991118 0.228941393012141
0.47307457264492 0.246966984953395
0.522071508334546 0.274082363685304
0.831345891907373 0.174480541640504
0.902003959067611 0.250849864335922
0.965152554887052 0.270647040192792
0.906873132047294 0.223892503614122
0.932178476225984 0.160542206969342
0.726046918873993 0.214435401095475
0.534829941773229 0.153072576180105
0.876217993903733 0.231067286016066
0.10498094653137 0.276513799686912
0.79562788360739 0.248536460046157
0.814450192474194 0.210541190620326
0.937022401416623 0.247726201362201
0.977928506302678 0.265740887226918
0.821138819611394 0.186101503371411
0.883147157205341 0.17509399036984
0.636561056581878 0.190214769972634
0.808873772050817 0.151474717554973
0.961661274694868 0.192931702745771
0.992101950151673 0.246609960995523
0.674910351390817 0.148199076340516
0.738677773097203 0.220412606443353
0.892482178335618 0.268077950628631
0.136772622929468 0.25084280404058
0.644626314687771 0.158192940908551
0.160620412161488 0.151953622155359
0.724740741405522 0.22571268088666
0.940625560692745 0.201772023416936
0.127372803228449 0.250306030848373
0.788713483594653 0.181664130162786
0.7749131883417 0.146387942279139
0.955397940542672 0.203306368126692
0.899377473092291 0.239104143122433
0.765070484289341 0.182801752838499
0.586664036735015 0.246743367710123
0.600408509325783 0.221235207581003
0.815643637748653 0.175130964459584
0.853861992399394 0.263591149779999
0.98286593065205 0.186475206086567
0.338204984930128 0.235297233707066
0.59060303197927 0.183697738976989
0.75552855705955 0.172585116165692
0.599409242152369 0.272619119307248
0.0606738008388649 0.278037332702326
0.612270372745724 0.192768423306957
0.673745521046334 0.235958386368819
0.278580493648231 0.178376306026881
0.888185872009081 0.146413115101889
0.506530697925661 0.263026678018416
0.800946287596217 0.19309418525238
0.656098188410498 0.281150620550857
0.486238907118581 0.226404557694288
0.862481645628107 0.249232533244019
0.471958197108657 0.250420247208477
0.432649817663735 0.191344177035277
0.693161082093813 0.191045910712979
0.663600762845066 0.250554600823381
0.821074417052814 0.275432929557546
0.974203374328927 0.240684737096378
0.853760243383194 0.16734913614337
0.766005136918296 0.218497744224345
0.586718581872934 0.246364871945812
0.902328355350361 0.281594336053871
0.606908779454203 0.157303266474855
0.693418365342286 0.229333425662717
0.703929418543725 0.216349861018593
0.338288696649832 0.205572926262727
0.828379596829402 0.244971802638188
0.428847072829438 0.19012438157182
0.389553610013596 0.255658905385106
0.60990865001875 0.158136902140828
0.829437424741845 0.177889575276178
0.91893121521892 0.280236749818357
0.755940249482021 0.17976676125153
0.396704060581131 0.220193017519931
0.473380022794098 0.27464765967997
0.975319344584399 0.198493273473638
0.911736622007055 0.217222396711268
0.717684917720284 0.184726559958297
0.816638144553752 0.274729521354483
0.61437952082951 0.153787582975045
0.923239965478046 0.189874584849018
0.914570777778937 0.161137446624596
0.802538212800208 0.282521872077472
0.427152800807008 0.155878646018445
0.850630212922461 0.257692992391348
0.855997831521701 0.273393666546254
0.786806335773616 0.226306661311625
0.881188789061843 0.244642320011254
0.766167127350511 0.272508057673349
0.72460204530118 0.245456098434106
0.5555844215153 0.19305151587876
0.105446503852279 0.147138566008356
0.750758490533572 0.168766310823015
0.88931568914938 0.16944470655946
0.655915345183938 0.256773718203975
0.153399453544608 0.215769190276754
0.467582602636032 0.210054881248213
0.680485255684782 0.190747223711508
0.773315882072624 0.216679443122319
0.17849110974874 0.168489180281268
0.883926743927326 0.185505176001682
0.954744975779839 0.258184267701521
0.784256404423851 0.219263677373664
0.830927362887477 0.274886815695187
0.939722533156451 0.167954403431888
0.682622362777407 0.188502199474923
0.808471091292692 0.256969871957641
0.794107277244913 0.148224031873376
0.956831834855633 0.270127506481555
0.787336603427404 0.179099686122323
0.980845255963426 0.263792169992894
0.940731965249196 0.146997612301742
0.527959141882188 0.184556397586545
0.648490646289136 0.270484668751747
0.850589890686783 0.196251547535622
0.473253061592981 0.255697093078511
0.782570848036225 0.251796181661088
0.902292374700443 0.158414891111527
0.459004177998893 0.232104961015686
0.654614586835405 0.254886861651558
0.905894831690225 0.258118932671485
0.790334019033255 0.222639977239715
0.408872163469141 0.27164613074546
0.394621999153533 0.171372168329462
0.919386671405508 0.230796207763002
0.644621477533051 0.182298828759101
0.94115363700163 0.193030487227233
0.872116942992422 0.145275322456723
0.924363685942933 0.184312179332364
0.680409046984961 0.268447740595244
0.497235307414483 0.167619335334739
0.21144312997093 0.266083879249474
0.232082375816702 0.250634880224998
0.870735787848118 0.263423576934224
0.862428691080845 0.28096639697593
0.70311797420545 0.168337059340348
0.98537904038446 0.214748215505443
0.918963274143774 0.233405737698969
0.487786351973147 0.27876873966241
0.678409255629413 0.222884268481046
0.635423523934158 0.185064616162988
0.722103519497864 0.266600682109965
0.849533821857517 0.192462102123899
0.88930247705922 0.265109691162123
0.94269890056737 0.272441221242694
0.873776474553168 0.257171397449238
0.592885914148327 0.270505795280705
0.739778049087847 0.242960666282372
0.347070087912883 0.275017008735867
0.532138368257969 0.208931718991421
0.781258698911865 0.158298368790368
0.25084173742973 0.200082862492635
0.71799455899051 0.181816606699865
0.848553453366577 0.195622715629941
0.767849213248006 0.263094809144029
0.6026145191259 0.188725006273365
0.743974740896784 0.199787224355033
0.85745711129654 0.264595540408069
0.734914951035673 0.15251534364515
0.695480537909723 0.166435793987944
0.893986296807225 0.20221191029029
0.789734461963683 0.275432929557546
0.473826176110225 0.166120692876003
0.956469269713125 0.265324433471161
0.905886206002813 0.259715250878484
0.379433317930738 0.251110278030368
0.383372194005214 0.16983872899437
0.323287673047954 0.196204674083527
0.904444139165578 0.184874540031063
0.794929984167921 0.207760605733886
0.725698370544938 0.280826705516552
0.58568691869153 0.220546616777526
0.958912807294012 0.165049316982611
0.655048972188149 0.202050818871275
0.92791034686917 0.16549885022193
0.534282523879237 0.259220498697231
0.620725206755787 0.264696031931437
0.250113814348951 0.148320209631867
0.0700912950408128 0.394731118650178
0.931993096838963 0.348632207079663
0.455408220017506 0.402244739456576
0.920679278087399 0.330512323549296
0.973561464867628 0.399691393698556
0.298985386564599 0.365840515348724
0.558187458567196 0.35026123433292
0.332569800317398 0.357049907204423
0.729481426566613 0.396606718624922
0.699560811687151 0.313951829110144
0.927464408691524 0.33135190590505
0.866100839335053 0.293195878615725
0.977403840511453 0.414945233723226
0.942361325857128 0.319552097338625
0.508955059605134 0.288177527678105
0.866100839335053 0.403742163203371
0.293482659574015 0.296591119493959
0.972820156183788 0.354608392877125
0.959860511732005 0.30842248256854
0.220771710100961 0.28633152535326
0.128939187866345 0.315403455549363
0.649083874386752 0.418551565710608
0.921651993668827 0.30653699122223
0.962261394645853 0.303578979056171
0.774406232346956 0.312203983726697
0.834469317148855 0.396901989435867
0.789206576012402 0.324920575085963
0.481828934738606 0.350010193013898
0.829913889183725 0.398162539449208
0.780928331839974 0.349239258470564
0.271185246619627 0.317511304226908
0.916088276316309 0.287807796068052
0.952022497240457 0.355689437535125
0.855675164330565 0.317023213679703
0.748146632152316 0.340002639786057
0.185118235997854 0.343253442271835
0.655220406589664 0.341895060456976
0.493785598771254 0.414157431052991
0.610991085560147 0.33725401263519
0.653403995089317 0.370502546590545
0.535485984999588 0.405542101047687
0.568608530088252 0.409493430473017
0.886484134255087 0.334885579723205
0.96655977917774 0.413189233913486
0.669710521556191 0.40314695844349
0.564709145222938 0.306534739532348
0.912411159187251 0.402815589651663
0.872895042827301 0.303226762827139
0.771193366086078 0.326238780768237
0.927205256044839 0.388521934131813
0.430463375895892 0.407266102822532
0.274309858961784 0.305191462035073
0.893658471973041 0.414155396115933
0.961955766630706 0.377910205773261
0.15903348601796 0.403317440654455
0.815887571017301 0.304345341262497
0.94660043464694 0.401227791970643
0.303438460565152 0.38755870353003
0.904827554467836 0.34187286514738
0.90735866142772 0.323351677970377
0.911497228613787 0.367483735189875
0.868122713930138 0.401365601101306
0.447432656986342 0.371460969430592
0.80693424016391 0.400936812391139
0.759638857573982 0.294514048045879
0.736340192816763 0.404474965730037
0.949699875244397 0.293994373032977
0.645654988037076 0.297636740888139
0.305115205750862 0.329768803395731
0.662080985794271 0.324413705849328
0.940328855960217 0.287134436420515
0.806626299951603 0.295418650567612
0.317911059381317 0.28776437235625
0.726956881778306 0.377651462886647
0.793052088823039 0.401776108292759
0.959338485389279 0.312792822460114
0.845135771223795 0.314831340450239
0.942880820203154 0.37105445178018
0.418762816745572 0.313759877359561
0.971323049197939 0.370605217765798
0.779158583860955 0.333842985523917
0.801712194503042 0.307208624553144
0.439338082316698 0.377419506676014
0.981495780558625 0.311341402757953
0.760186669138579 0.402822111974105
0.943449334536748 0.386569692581495
0.833852937599875 0.340201814631975
0.885020972003686 0.397076727857547
0.809570764005045 0.406858390213739
0.794790667198239 0.368525253843621
0.642005246651978 0.293232526502285
0.9272811333247 0.361458025927597
0.20639185394903 0.404325147801506
0.800925855950713 0.385873088859471
0.783703357030377 0.375032720271258
0.804457980141885 0.390099706433409
0.715228212061604 0.3903992557761
0.738838314775855 0.415559863206796
0.18813366260149 0.411328846550194
0.324153204205206 0.324781818418413
0.865183569413934 0.421876057906454
0.897934243799699 0.399404852160067
0.712848280321526 0.428334825588118
0.83347738697076 0.368152273549711
0.870296621578456 0.296591119493959
0.886282603342811 0.288439621860358
0.367786481433072 0.340135613098105
0.743621200148205 0.297780425250436
0.962366281259018 0.37165713420721
0.560315932945919 0.297589277945468
0.407090780686999 0.342260938946059
0.905974560622135 0.357346858574619
0.396906843819991 0.372824688157445
0.386082068333689 0.304815498674565
0.460632499131159 0.323464065205283
0.920964265485214 0.3129061016086
0.888839234737387 0.34268131004476
0.74606759606293 0.40857034080292
0.933661778322767 0.31498872109771
0.932508894333223 0.368596512012399
0.599246407767769 0.311003554947822
0.314110375463214 0.383950072124527
0.846504952276589 0.314202717380486
0.766035193033017 0.341441902348776
0.572679705894107 0.342929620496053
0.510305039812403 0.339949368440735
0.559871935962055 0.391916161446823
0.947547390059163 0.391518087413065
0.830275394708967 0.387740937706487
0.95119575789782 0.36534151502872
0.96323515115438 0.370296283905024
0.942526118833332 0.315758838342438
0.295556374589556 0.302879095835576
0.723912013936376 0.325691093849585
0.851409670049353 0.324219233830824
0.697493244412737 0.370691214869176
0.905568574565625 0.328435866994749
0.520903936826661 0.286843605370324
0.492183046989176 0.361589666215782
0.885861715037124 0.316345965150129
0.916043015289497 0.410250811895496
0.818449085930206 0.312038869010421
0.868604854439735 0.342232379755881
0.946261907509176 0.42187191275204
0.371761547250809 0.288422302881595
0.774178362386682 0.358727437754397
0.935481923095228 0.30999200380936
0.839619008950955 0.39544101444487
0.285996926170004 0.411397851098239
0.351681704618136 0.417828749851684
0.76850599687235 0.331103200421797
0.883383588592907 0.412998285973943
0.438091308347044 0.354565503323728
0.725069129343759 0.410190972192841
0.370915932672016 0.392363089992354
0.920877222590361 0.288288105793831
0.825807066573133 0.383701559089437
0.512697519890206 0.404460789321555
0.959812855429558 0.312520732031756
0.676025145475751 0.352700638863434
0.915930524263951 0.368126332393148
0.744388045885891 0.345292284482517
0.729333541391837 0.397994140153027
0.472988990288201 0.372413456005404
0.889444913943631 0.420047597999344
0.573302045879728 0.360917903484807
0.965829503163597 0.301649217708601
0.821749171721307 0.342152489460285
0.757314258221571 0.285763546404588
0.583385882551941 0.427083823842484
0.950312868886889 0.371873128022409
0.954602088356767 0.300181308736242
0.816314869581578 0.404671014589952
0.916644270744064 0.327698122529649
0.673455251078646 0.426983556237256
0.484684035895129 0.373811680971758
0.824763254022892 0.301333175549518
0.438296284858761 0.343505129564756
0.774461663107587 0.347167938055566
0.456018782645924 0.360917903484807
0.89478047342136 0.384498694145511
0.976881351850074 0.355590378343431
0.618673132798944 0.381099337909203
0.587584279301935 0.308209355254656
0.905667364919328 0.397564450684152
0.658996283888161 0.319047465816842
0.875440948623237 0.303790804766609
0.194546984746243 0.353015427942357
0.602837600389067 0.289058279940377
0.874730430321682 0.341827210515431
0.926167113432714 0.310383847145955
0.440856112354054 0.385641650460976
0.956582517808838 0.324057813161265
0.948593413823826 0.350446481304021
0.247279515703352 0.377851290494122
0.712611027320963 0.290012783308526
0.919653767232912 0.320720975226647
0.740507977718827 0.361528352920354
0.593235082772853 0.317063858883699
0.886040683687344 0.286558056162118
0.943449334536748 0.410714298807852
0.455408220017506 0.421114433000781
0.933916110532251 0.405534773127556
0.779289396821449 0.419809074399787
0.947555839848046 0.349792023088894
0.789435024133002 0.400497184447241
0.30539970137208 0.389396515776868
0.870719788931926 0.422074562497329
0.968989021099201 0.354378946441506
0.760000442326801 0.313132030575352
0.861823463106613 0.425990240500854
0.642199856720384 0.320930730862756
0.698035504156579 0.292312458241848
0.632304673284834 0.40141234062379
0.30301631050692 0.409029067649211
0.871535456349147 0.287666407693118
0.842426276472355 0.417800977522177
0.464162885221968 0.321944994307625
0.482906474548323 0.340587288072782
0.742537321860116 0.423519826688806
0.601423214049639 0.416634265948098
0.864254522652242 0.332645183025716
0.81643203739205 0.377495229876485
0.691625113676521 0.323917045282831
0.444554491909541 0.293989861182158
0.877077157543582 0.428464973848278
0.959163547187714 0.389940381532101
0.140842456341038 0.290838537844233
0.919770535340328 0.325340190519215
0.537640838921989 0.349471346349849
0.845490888475032 0.360318450712616
0.643269022727488 0.371218519884328
0.750990792558941 0.428121649116907
0.907075350995486 0.354137581124829
0.820997766088862 0.416413632298841
0.798661449914253 0.390484012768578
0.82422881450725 0.381621439739936
0.725428224031016 0.381813921183291
0.680757818453375 0.311552962312071
0.29662867500198 0.426443688362135
0.482564161382571 0.369163900116098
0.867261462018431 0.336404814851332
0.889138328541909 0.333662217701583
0.557096408448569 0.361948435074022
0.479522840075761 0.341608015290485
0.378616189001298 0.3838496858469
0.391995523820382 0.393542709563872
0.831386687536721 0.333031522055146
0.782559989634724 0.370296283905024
0.894919163556179 0.305454603184162
0.761724765538865 0.286791377516555
0.778873140906597 0.376841138553896
0.730146435324353 0.392214861999276
0.483480019642156 0.344556448550295
0.988320676959509 0.409574536277123
0.0616270274059398 0.400742376879962
0.791982405768582 0.400542640016799
0.90492799703647 0.357516384141269
0.314768662353991 0.347730634038565
0.945598945812625 0.421114433000781
0.852076929565922 0.415813441523911
0.449351774997185 0.358080703162983
0.767582375012312 0.381590531997922
0.796555008372077 0.335954892618367
0.85178198154242 0.314822412834615
0.918324321140635 0.422427803543187
0.90105370572746 0.292150014594615
0.686405209616491 0.3358742573003
0.54550441067009 0.347315082061749
0.899714252850358 0.320178767786831
0.864396243543276 0.405916587269031
0.77692871275547 0.317687624862417
0.939833637394328 0.395827318078511
0.558658937949351 0.378709764448458
0.979933643570566 0.299849684513616
0.909751546159576 0.368676512935228
0.978260934391344 0.416287912854866
0.828887256374054 0.329877955975885
0.562938882112425 0.287706918905928
0.816322008718498 0.339577185552592
0.923394547555298 0.326299714415339
0.928003835039561 0.362878476229862
0.763715551114097 0.366635465062728
0.584420791545959 0.302084535226577
0.976318333394506 0.316362272752111
0.617389553037175 0.337521120419419
0.842013107136622 0.401116797151042
0.893522335591451 0.331657592023269
0.911936009970684 0.289058279940377
0.967202706994541 0.344678467118129
0.174355516947547 0.321308991388734
0.742021321934542 0.318299952705624
0.724543264110524 0.400124158373808
0.953293782387933 0.302632538521771
0.719860968026575 0.383315355687441
0.564091777574918 0.411491925191969
0.884435878448014 0.365356804239359
0.705730276857444 0.324097183835466
0.094730778168667 0.287313858272103
0.842030076658998 0.35577425624615
0.906939541851355 0.313910447266641
0.87852155381156 0.312504273808927
0.863200087629073 0.316682519858891
0.962835467699569 0.339278609269568
0.903226404435186 0.305781693028666
0.793758080412239 0.359093621876707
0.631459746478497 0.37813754988139
0.480757183913505 0.374925789137943
0.87191649199878 0.422527284186719
0.860168904089972 0.28985832948245
0.799678087267219 0.408710226264413
0.596419407218006 0.42521012900076
0.880621735968338 0.391240656946841
0.935717436739925 0.326698950496593
0.976521136523598 0.359996592036842
0.941022054859375 0.345599908780745
0.784537771409089 0.368132501890748
0.771314603212935 0.41679331840149
0.827092033662964 0.374295435002292
0.76798097953971 0.323431738261406
0.61458164719193 0.426462633589838
0.474122533769819 0.347123797169956
0.786022846505988 0.337667735217793
0.68403630531385 0.357115792036986
0.795494421499837 0.400622542681893
0.712166131940385 0.33309528016393
0.921767102412633 0.334351091871192
0.710955839516726 0.360127082078122
0.468148269886611 0.348752396534949
0.803983496650254 0.374814155831103
0.927810189022244 0.395717777484425
0.937913327337569 0.39081441334912
0.829587506591582 0.365109921428359
0.62506609931138 0.379296461542076
0.968009842472455 0.339729269575082
0.682466246148048 0.336964610608304
0.188695582031788 0.401603774136524
0.966871277620694 0.289630951568481
0.309208198297591 0.395839782761373
0.847586125810525 0.292196911590312
0.926336039222767 0.36104699049949
0.91891042812491 0.310887722076871
0.343235189994124 0.293077403142157
0.934922216271117 0.370928003929768
0.810237225146562 0.405151903930288
0.987042813084539 0.35910895618957
0.340931931884078 0.367679914914539
0.482183068905032 0.371139708717009
0.93662115902156 0.3405019525318
0.57566658615944 0.324281224025353
0.968972481658668 0.425749451225648
0.960094114992341 0.383923241105841
0.605328072783443 0.319863941386945
0.825290653241557 0.424396691606972
0.974922693620734 0.352390014747804
0.114885739885827 0.383454910956848
0.647472357104436 0.302186197448225
0.543961107392983 0.323496493955741
0.906995324829149 0.380544275942209
0.974322966764045 0.378239172656259
0.874029468623378 0.404741460826602
0.58550824313364 0.373976752118942
0.909421493978788 0.291175939199589
0.154889409661407 0.397043665061637
0.764952337616082 0.30127833866793
0.886689871662157 0.335635099363804
0.653841384195232 0.406348320707648
0.747703661096389 0.347429361163716
0.934876041198104 0.366148787588955
0.424049801736622 0.316161380689292
0.574459479723961 0.293989861182158
0.655520922103788 0.365603358796342
0.293421538764246 0.306016664977619
0.396873748826142 0.327210138153893
0.721265260261321 0.400699630394076
0.947598877871559 0.302221258468988
0.940401295624003 0.332761164752684
0.416035720851503 0.400124423935326
0.965197434569397 0.374999565628475
0.712812594436949 0.408428692604155
0.964595266096516 0.40187959684098
0.914269773550907 0.307005118110316
0.916029938104006 0.375317535754107
0.923222349848796 0.300236962412316
0.529727954687933 0.354186992146261
0.887676389891321 0.313679618166398
0.301975203827637 0.378277137472758
0.721811591852256 0.299122616807972
0.841178655959955 0.423335797674795
0.446457831656965 0.355978731926323
0.738299119548248 0.330290220352653
0.904855227723806 0.324329211005232
0.932945217346698 0.336769888067821
0.908888169762395 0.31174145877341
0.460409469929316 0.356226624580057
0.942235332743535 0.372977618197015
0.897437773606373 0.305496826397601
0.741313494897932 0.412384163587386
0.234670629229063 0.327805213272105
0.881869401752202 0.384187095947648
0.926587953596892 0.419622883257257
0.0449589525848217 0.303728901819335
0.943629258712033 0.347973791443539
0.942364376199163 0.372659788645867
0.313917492795282 0.344888139406149
0.451290562031988 0.321125760172729
0.892668456434985 0.327279804654315
0.162164189475116 0.349583617545442
0.774732306258435 0.371226218346744
0.918138369647164 0.348954460151269
0.968672958484674 0.338505732377401
0.882118322464825 0.351386536723662
0.951805199807922 0.398639409341811
0.870341440329849 0.405885149240248
0.776974949867739 0.288457133825315
0.316911646314911 0.38529280893711
0.967640172796287 0.325175647399166
0.921231191134074 0.386439351393924
0.487633456378094 0.38122647089085
0.405797357682976 0.312531767753948
0.47223888560449 0.386911884369877
0.627719318666581 0.382192522915258
0.949513274232761 0.416220204174613
0.846832506517486 0.347726792567375
0.796411764569893 0.298193406832082
0.555458913176979 0.416866238237124
0.958710480238824 0.306305876897772
0.901182909664745 0.345191508492483
0.910328953828045 0.373897212626033
0.748450977997011 0.400414512697017
0.962557676878465 0.393036502154332
0.912489651577245 0.339726549876602
0.603964350707775 0.372761759260804
0.900073857411054 0.394031364070704
0.329535833770118 0.425117100585299
0.520776834201751 0.319763390780953
0.843611823533087 0.382049611969263
0.949140491089346 0.339649197955682
0.815086030950726 0.420015737331534
0.957193652164354 0.40446283826438
0.9493364649388 0.416406543167635
0.754284262904121 0.360355915961235
0.349213726757277 0.365440838169395
0.813982918395803 0.426030564811113
0.882574799680715 0.358334506806405
0.926722213941477 0.312135521312879
0.268793663766047 0.427303831252741
0.883029462016404 0.418294786546935
0.896098318543596 0.322927550393651
0.959151560493616 0.425270668355989
0.119287961936302 0.426366255560802
0.835292388865805 0.30899881473375
0.946366077053552 0.37330194868234
0.677840376234844 0.333645055788016
0.925417688454954 0.417269571571277
0.882983852395766 0.422397026376686
0.946952010603567 0.388697409143702
0.671800917971656 0.373306049675504
0.812539903256367 0.392502337997333
0.840323905370694 0.360159478840782
0.950379604450878 0.402183578696295
0.885168443410503 0.427637691800428
0.941730563772985 0.406372388978857
0.389606730932769 0.401189473008765
0.944724360057929 0.401222415675411
0.873151006280524 0.395484555370456
0.109029852037538 0.369668160755723
0.245668143205541 0.415823985190336
0.980521047139551 0.31235012975638
0.709250880161458 0.404588345953754
0.56445436172873 0.357764756381517
0.505343201010098 0.388799335504747
0.764801430457506 0.427588367389205
0.625752224817985 0.376568127765225
0.742847234293486 0.374449692970818
0.756097316413175 0.411136532800173
0.90464605118404 0.363836457636956
0.453593408089138 0.33402891824903
0.0798426090785918 0.388470788608846
0.868891402857659 0.405060420403057
0.252014048711789 0.349112621681155
0.852505741294555 0.285991710995761
0.902717737541491 0.381077771390421
0.712245170371261 0.382226571178936
0.6046443193347 0.336768159707646
0.910847996641142 0.39957961987519
0.959845621618393 0.401363401565843
0.649589959911006 0.408610862587487
0.722334836125189 0.368155791988542
0.440800267962057 0.360287512989622
0.830778494227666 0.315491412456153
0.976396083052163 0.346661069999846
0.953665416530147 0.296370840241665
0.727419472067046 0.415516958142235
0.890226824655403 0.407092575912937
0.936611619965167 0.420931961960377
0.454593080621413 0.381394806544847
0.879447782742827 0.37962983575131
0.941245969655986 0.352133775091538
0.0789797506923942 0.32979969103237
0.960829924162375 0.365196895579926
0.401904697215522 0.307047057749987
0.707225889273804 0.336578924709401
0.928430729123974 0.349290152722732
0.956263124692629 0.357296909860437
0.932789803865843 0.29157350039421
0.740301902008286 0.302221258468988
0.655960874407109 0.35641680111749
0.915336342129287 0.399051228735139
0.653426207256415 0.331681425413312
0.433188362410962 0.361563056224201
0.633831854592521 0.346083812135624
0.948593413823826 0.290899427910266
0.482311133686036 0.374999565628475
0.830742178229643 0.381958291593182
0.720032415291222 0.355511822811998
0.54507582290098 0.370648250231916
0.741590790583295 0.306094719841277
0.950020499722389 0.391926169458945
0.759789562519688 0.313343668860708
0.47373672434097 0.289233404209764
0.820320253527966 0.30376097521381
0.94808556369687 0.404453373501899
0.970776501223326 0.428019638778057
0.352163547256143 0.338911470276423
0.957254166690146 0.364547610126011
0.909704118726658 0.380361266047551
0.668136281700727 0.419443631250985
0.80776228225307 0.338626539569876
0.912315593502012 0.399268327387786
0.590350141312515 0.424639111334871
0.948655533153319 0.427915587086863
0.624480110112311 0.364014866546289
0.796890939428095 0.295625650887882
0.882206422184036 0.314356184866902
0.300188313835994 0.420989282328556
0.492220895738593 0.397012159744827
0.934032361078584 0.359798987755035
0.908117703759875 0.296532958772415
0.938544148159013 0.371226218346744
0.503225727559123 0.328899573708046
0.813126171116908 0.388879607921502
0.667360135510146 0.422386558312782
0.794018220482976 0.345041072400139
0.877102969256254 0.325984677689198
0.34953233281889 0.425619550925623
0.493160706391887 0.335155352962827
0.728907670854551 0.370989743650023
0.737323851857773 0.302533543575185
0.0946981205190299 0.307226932521586
0.795778786116511 0.309431953556369
0.555047294736357 0.366466188112854
0.776140474705943 0.401562284783642
0.123123784139096 0.365050561140889
0.914142203161558 0.353467731128654
0.862415528351246 0.332141457720806
0.950312868886889 0.343082885668634
0.972299667831969 0.417829164133054
0.897877036090755 0.335967007801117
0.697600373344309 0.378799443773234
0.918666636854527 0.365165485629922
0.35839468296936 0.339449472184785
0.856520950399623 0.415368262288678
0.770253862589701 0.383006231191211
0.907500115043248 0.334765982270937
0.971287836668864 0.305456323016335
0.716301678013659 0.37330194868234
0.314231049081906 0.412899843307875
0.592911394610041 0.292189463995155
0.541060984127694 0.40167165843019
0.763012963548727 0.427083823842484
0.572869972923191 0.340943970756413
0.967476289813459 0.417361677069442
0.9523355521543 0.400073346963862
0.83221028034022 0.367795350828204
0.815067446889231 0.35741236587196
0.511133099502311 0.41002153130417
0.211152499549895 0.304008828278123
0.926352169415507 0.298711568339319
0.910613620910789 0.386987543474637
0.949047994770149 0.390381622792503
0.675083182566086 0.324776868944851
0.871626409160234 0.333148375755294
0.289263941803142 0.285829218598403
0.906999378004468 0.325987492179372
0.702519766987838 0.401444336653506
0.735459200618702 0.335414100647418
0.536482585747956 0.358165356143481
0.893368328413044 0.393404612714872
0.371730871725667 0.366427885369927
0.701641625204062 0.339446187024733
0.642798983910284 0.319416521211241
0.9155945954147 0.297713051863893
0.424061463533794 0.370917197920174
0.946267948441486 0.414630593853659
0.978903861440278 0.372143495659821
0.398382847252435 0.419966337843338
0.674651614580492 0.335463414576495
0.462379646269481 0.339709446986366
0.86424161073207 0.371705829315308
0.718948939245432 0.35837894625665
0.831172292313179 0.40655766756309
0.938578092227904 0.352544467787408
0.190826419005814 0.359495148256651
0.689958191266871 0.417268147791912
0.956306470600129 0.379802020482053
0.543961107392983 0.319691782356165
0.977021446750671 0.357347558631821
0.516048391290881 0.398852746928782
0.403819953090907 0.417930576398066
0.950610937266532 0.334415999906602
0.942771752846972 0.372589355722697
0.66517950443885 0.332178922959616
0.488035182587244 0.336473158592801
0.911631213774258 0.332565155409777
0.791598639216125 0.436317608521183
0.591133330228025 0.441903614143916
0.404136594144731 0.541297066026441
0.821532402415586 0.521689533298288
0.945456444360017 0.542918332362125
0.966701722956154 0.507515926297865
0.938205693085166 0.495582008316426
0.954221331706674 0.430411918611776
0.942832776346988 0.479280154700147
0.736806465542748 0.534910823944815
0.902503660993145 0.508111365412389
0.779049934949738 0.472453686092754
0.951674310764982 0.485187572265057
0.365005511924573 0.527358355427139
0.673087354411886 0.431225064312341
0.915994555704393 0.428976042755203
0.231616089305171 0.434931453254619
0.839595649796607 0.497879083495736
0.237805153053094 0.538368204499723
0.875488208759524 0.473692584361522
0.789620151639874 0.507462101647001
0.396587844682614 0.429725168943278
0.867501587207194 0.52290733285603
0.921078602527558 0.517801031472023
0.87580814466359 0.487873404565326
0.748201396784052 0.569836880036814
0.349054121818675 0.556047023694603
0.596403525936415 0.50768840572869
0.859743397299498 0.538861541056637
0.227525397061433 0.519550041857988
0.902488192141469 0.452180543728766
0.309711441125642 0.550158144038061
0.815736827221168 0.469555719427341
0.897748913470786 0.473842419459005
0.639823710323623 0.526985681702505
0.774471055830181 0.560575586107319
0.937433994920486 0.521723625015265
0.279690373857902 0.509155051006324
0.971776721022748 0.548521055401377
0.538578407893429 0.45582601678395
0.945133511837549 0.466204602482795
0.828207171127443 0.488349183162257
0.110678149583177 0.455428914505481
0.898985157808973 0.468661593947616
0.646168882544973 0.50507819623337
0.776171473721819 0.449530718082511
0.404474936816688 0.473999839600519
0.807174555005725 0.489840647027697
0.769252709221455 0.461094692859533
0.442030910462054 0.475002312817423
0.936046261018888 0.466369567332941
0.625670639180833 0.538747489264932
0.291883227674716 0.517508168811521
0.900719982886403 0.520765496323355
0.932048524455203 0.503099672920714
0.815835992361197 0.528934101353823
0.863498108506346 0.457646857561004
0.95263049106126 0.433938804672316
0.740243928407656 0.559134622605415
0.63869818033752 0.507037313855978
0.635097695655981 0.467029153324261
0.873007939975316 0.514024598421371
0.70429694606339 0.559746092542913
0.790102760064978 0.430297391171505
0.612877864634899 0.477443778686706
0.722867255139425 0.429383925931237
0.591849464793844 0.484066796132349
0.792914435682596 0.432560299562052
0.304125278708567 0.529629397259766
0.77165523050271 0.538661930953191
0.923567757656729 0.51635972728457
0.846233666672119 0.474001693044683
0.88165188053596 0.491722142393377
0.895607306887206 0.570856508167169
0.781295798381919 0.466637942937502
0.60384063850795 0.546237892141725
0.618844794611117 0.537809349407401
0.613615623983269 0.523665256349339
0.945188156064976 0.432278179455667
0.672430933710698 0.535472765976173
0.76049667742791 0.428757820928386
0.924743301660809 0.47064658496222
0.883322361119633 0.482992641064731
0.612457457565312 0.474931333210818
0.923793245127699 0.530425792406612
0.269513000086511 0.531599023685066
0.233471269658616 0.554650002331794
0.840490508140806 0.506963403374297
0.914668945647134 0.458012138569844
0.103767335902393 0.551239250583489
0.793270169437703 0.459567255849605
0.922474146301717 0.51818803576643
0.82192812664843 0.440749704038706
0.50649734925677 0.456285437990787
0.926683255686623 0.538510076284792
0.248703617370426 0.54569149167101
0.74557553351015 0.481155108736298
0.796070904942373 0.432152082632872
0.754239428818202 0.515794117236127
0.253395350097821 0.495962044895045
0.66337364114774 0.466779680365597
0.857693029854714 0.485767204434137
0.65003561007164 0.434691639122216
0.786923284316483 0.478220890083896
0.88341673519997 0.477858375632329
0.820546302062312 0.443110149331503
0.599935031071993 0.49736461529177
0.864051985590252 0.465807375303754
0.32410631721696 0.545701234480257
0.79840816506654 0.438735969652837
0.90495583789098 0.437025875279033
0.533046055532082 0.539392900948873
0.873625340961921 0.550181696340053
0.171738693955798 0.486949767387834
0.864000171760726 0.553566512453285
0.599209904902007 0.463004612865067
0.577988317722649 0.483062097061973
0.674253398491887 0.538997571403388
0.873132120857351 0.439249023711927
0.710046987956448 0.53380580189769
0.871301683584452 0.497717310426901
0.846993165312459 0.472119683795529
0.769513036954467 0.464436404530554
0.263938716190104 0.490093358637537
0.775465241042456 0.518571002914926
0.300176575287906 0.48879055226532
0.932732589877461 0.488443599761993
0.434658024437777 0.485893120467623
0.697302571866302 0.45141042807629
0.195625361402893 0.557538904998965
0.819021048877621 0.561366666699042
0.906063882751279 0.474056743444439
0.891767015154552 0.482530105581121
0.89325446040593 0.439369392173895
0.927391297857787 0.447990288543243
0.591728855568627 0.48908995218125
0.923260296932323 0.521499655430339
0.545206237733529 0.561028972479369
0.663840626203696 0.435593798778659
0.866220252739615 0.438981213638881
0.656766947503807 0.500597735156054
0.476331403506279 0.531015092862136
0.885929061333059 0.504759615985889
0.201873540530165 0.445321840698277
0.874377949823596 0.49635256469126
0.744925691021696 0.51890045744758
0.242853181655416 0.512265164148038
0.591752746747521 0.461573756781887
0.57331244538243 0.478094847925742
0.931820829271309 0.515970353839358
0.977428819322835 0.529147520200479
0.831619476884639 0.551990411938784
0.834581636727431 0.473842519969118
0.548848093594956 0.456750489429809
0.360536462108029 0.483517918865544
0.468600013885001 0.555125824845014
0.874759781632823 0.448675534470683
0.687794100031485 0.434883159674793
0.921375359333576 0.482992641064731
0.938408773471634 0.466853474977177
0.257676156971447 0.485120937239837
0.826651641423883 0.523994525209653
0.542052405102501 0.5589776312978
0.865868382880776 0.432375604217785
0.602181496119951 0.517926789499483
0.853457398089068 0.478906393614565
0.623066851869306 0.491265215294979
0.129134850690832 0.538683286948497
0.244505366596903 0.556200187759425
0.465831906121853 0.432979931898882
0.646425995984271 0.543752947421168
0.420411751038917 0.441820584725517
0.749868163663959 0.545305623088999
0.741101602961686 0.526854808810366
0.844165950847463 0.474361032215789
0.715156853789651 0.43949698560912
0.895594753234414 0.515700836767892
0.690128380066992 0.49723687940491
0.314818675217854 0.526237371182215
0.161001444756217 0.54439016412558
0.915340020682296 0.450905177620801
0.697562736006445 0.432061538735847
0.932969955955323 0.51647034644212
0.799632506934793 0.534766203003654
0.676946951399513 0.467765598588459
0.806881181662663 0.445367060522244
0.841989942905801 0.569220735240606
0.418046622115349 0.442066161315042
0.965026510801215 0.478966381217261
0.831712031120044 0.480732702707653
0.39913265381569 0.512350690540418
0.719038080857693 0.44795101466948
0.402734001733985 0.445762016985828
0.468964294148436 0.482293860385972
0.707289041820696 0.501496063714171
0.788850841721335 0.502493941608186
0.419547885953638 0.448644886621343
0.431518912380294 0.501796677950246
0.907602245433425 0.569057625466179
0.490325412251192 0.478167125184239
0.772517378948885 0.524948041211624
0.905271928561782 0.44477453984377
0.646596153640568 0.544446172695532
0.808866128794334 0.550672329522672
0.584956375099799 0.472119683795529
0.837375835530194 0.495649477839603
0.719625042275854 0.440757710524684
0.923275131477708 0.530235651080917
0.577521332251719 0.445227915629231
0.622796348421492 0.459678890358948
0.961040024963758 0.460458451975635
0.550140165755255 0.432295043236404
0.310807264786475 0.450249386663616
0.914653664373365 0.502333543273679
0.912584938789439 0.534318905749707
0.834860778812597 0.568827970103285
0.808483661114005 0.44838264713788
0.879076994881192 0.430670693780472
0.621433471789084 0.569342196256316
0.953155984709696 0.509106358044762
0.63577049357742 0.527940078010443
0.573052736966461 0.509289082197805
0.630005140660299 0.446867453819729
0.383903688229811 0.438170889537053
0.837292490087666 0.533957095152217
0.976156332658874 0.491121442174152
0.935420054218194 0.525133057417914
0.139458266965518 0.477456579526159
0.932617552803542 0.430081701814029
0.854283072163404 0.471209842660764
0.833113969437405 0.468193832396285
0.114814115963464 0.448246333883011
0.600196029222895 0.550692383754754
0.96045569351072 0.439696814541392
0.931712456491056 0.454003779820448
0.630185189202577 0.454229311360625
0.33204364599206 0.508046559433627
0.919823245439631 0.551804601198651
0.825044574686367 0.533007021502792
0.909418534186337 0.489427932919834
0.538680007972657 0.459609501598325
0.83278403402045 0.517547850764234
0.377965737826768 0.443926924289896
0.967141439161088 0.557879473655202
0.32876167630918 0.502328796684606
0.641517557703284 0.436794083815878
0.57824816607128 0.465528511969818
0.690769532797708 0.449581235833721
0.286493033080809 0.439838127088255
0.920179442464283 0.438181235033424
0.831513304643091 0.44603952757543
0.882973970477681 0.54434259413062
0.896719341349155 0.547740846284505
0.406732524122422 0.428689305243102
0.614596844072994 0.438690421701031
0.226653490907568 0.502854951628533
0.583166269473082 0.509450562064738
0.827867386529838 0.542814457418544
0.331516945486538 0.498422191494654
0.283528650917363 0.50710319116939
0.755289792711928 0.547857800584886
0.658522658333607 0.505874097723185
0.944863978605978 0.470137546379598
0.264725110919569 0.542461576514376
0.92894282875705 0.536070946736071
0.943027526377398 0.531230301723031
0.827661391790199 0.490551805775086
0.819723228341351 0.558214731057813
0.53240368913303 0.51802849743462
0.508113636100566 0.433799623076228
0.394684181722411 0.492256583972548
0.820658192346734 0.471817889960963
0.904318671215276 0.429620178296272
0.493221906664417 0.466599882475947
0.950541993550035 0.5426695815165
0.576916942823685 0.494728415731561
0.544872139816314 0.45611656711528
0.924739734418116 0.439520089547338
0.765656762231351 0.553495323952354
0.753371515903345 0.431719385130011
0.601350519954369 0.472085695419031
0.231480899763719 0.429582713520173
0.710764483082595 0.499888736626896
0.405069450605262 0.570235576181844
0.86795945645779 0.454772191874789
0.53009731039487 0.473283177866273
0.287774893968667 0.478289536802777
0.566502072564438 0.50342585506325
0.792426215216358 0.464547488340583
0.569024500083209 0.508233311889203
0.295367058447497 0.447992537041549
0.0650681986326551 0.454606859673555
0.342397815876371 0.502558802019826
0.804965185109902 0.478403506367856
0.665900939232646 0.432798725886198
0.825522368574564 0.516485616725609
0.57636641045917 0.545390405066377
0.690648998456734 0.535355366469343
0.628990918054982 0.498371285419678
0.951126247680504 0.471628225956896
0.902119775243606 0.525105232396168
0.905909751519314 0.535009295984141
0.461364036414609 0.461248781914828
0.519324889670799 0.46403249113452
0.717129613291386 0.472706529692225
0.931379400772987 0.523689974682607
0.922779432984537 0.435748388067324
0.71775160289709 0.505079275306739
0.919286498281584 0.508303085795035
0.901640476845561 0.557690697688709
0.296085937999809 0.499915404672538
0.427521688142482 0.446183635638289
0.731703318840388 0.455247361008202
0.732699951264403 0.474979895497589
0.831275037738586 0.445974516344753
0.655685726910774 0.482046318851172
0.882733930066096 0.517510083467676
0.827883258426012 0.570673258263385
0.760769595731676 0.475504316785735
0.866162925791403 0.464134291443496
0.501729667777575 0.510446323067774
0.301659891226499 0.463866851953173
0.958662216048689 0.44128254390496
0.754057924248871 0.458565875541018
0.718776031313864 0.496679234554438
0.194990791076342 0.456764432574738
0.831166420107488 0.465570960818756
0.721822869379241 0.430210623734411
0.557591018853579 0.534308703478908
0.741232496592469 0.541120026187482
0.561156464229803 0.458351487751184
0.977239978862731 0.558783319096528
0.624513561162879 0.549592613373853
0.90991506876522 0.487735291852912
0.852070364114884 0.483236663129785
0.845029424913184 0.453791054787456
0.957477069365785 0.552487841536147
0.642319795755808 0.459720960223701
0.961339147768598 0.436393582831165
0.925610903017932 0.542654653922155
0.82576381210432 0.50104217242577
0.763831088776098 0.562544158407562
0.793760217961947 0.540685298762885
0.832412973660136 0.505638419081947
0.859226604538272 0.545356345957144
0.868035205317938 0.430210623734411
0.154269925481463 0.536136392254442
0.709750202948729 0.472091097243092
0.510986437764006 0.439088165241851
0.929880255867283 0.507731259275877
0.17726045307009 0.513084284386333
0.700010218915869 0.455078628279291
0.865869759238082 0.480143394157048
0.24052318669216 0.457095089524912
0.139452173848057 0.464957726878893
0.887549030709807 0.564106951230613
0.443464833475987 0.451941575199615
0.950615406107843 0.549632484849277
0.922779432984537 0.516476906323648
0.426723188610287 0.561425595453217
0.745130662909667 0.511144828369795
0.768969078467656 0.519563010765098
0.842805397138592 0.570424203606397
0.771784113319584 0.429673679083661
0.170721214920511 0.474634757243411
0.468035551694245 0.519668487240326
0.918320035226632 0.485640477413255
0.735090040354253 0.468761681903417
0.569158311331081 0.499919382254682
0.148032591214529 0.47973190397521
0.954178390891611 0.561904730653396
0.68603441639582 0.477394710791669
0.897187729863572 0.514273114837457
0.432348747027151 0.532699094525521
0.900201075435771 0.475421445251368
0.782828964385615 0.452434892217979
0.779306340156605 0.438920813101895
0.640549814557741 0.538965416331204
0.658826961708365 0.452434892217979
0.211645301745819 0.488563629318624
0.890282336643024 0.453728130764823
0.661746130671942 0.438170889537053
0.769305165909464 0.536451643750227
0.365005511924573 0.561485893248352
0.620937141598532 0.496606927907622
0.686726760063387 0.452474424681897
0.710869043157108 0.490964906293746
0.67200161473111 0.491708455919005
0.880505712756362 0.521251644550975
0.378090300188248 0.510879865484514
0.868155846130656 0.544633049174481
0.746193170225239 0.430916947882917
0.527727536581114 0.480849062124812
0.765085778323427 0.525865369285701
0.80218236593297 0.494971599216261
0.721906540624155 0.505315422677254
0.746058217182562 0.438853640158519
0.683794074911835 0.433616460430113
0.881962636521953 0.541670540641126
0.643166086368708 0.449055246467863
0.930243338854914 0.510975490163073
0.973217999104413 0.484613409569242
0.878508157028405 0.537060952833857
0.774546833105545 0.444989700847219
0.766290333084315 0.502161296606301
0.947439204376117 0.46992876361313
0.971618932987415 0.503728013391959
0.253819562896802 0.497242224151688
0.618785630126004 0.475093895308737
0.157303613467694 0.450696680371636
0.757811365922533 0.523211209187449
0.510759195826394 0.54219283661537
0.844634599511008 0.449497073230941
0.49424113249529 0.553785128216175
0.669274280854795 0.438112398546827
0.644908256696225 0.430466223720094
0.512779375262303 0.506698481447026
0.894499788695466 0.524308587133123
0.863816440024116 0.43891938912152
0.563980043284206 0.497145155626937
0.703813930608667 0.523236633991963
0.679265613022113 0.438569827192781
0.726258695160265 0.458702091295136
0.673935543498807 0.444550127102051
0.863692517406044 0.548878583404074
0.803190557580878 0.443381062019462
0.761174133074892 0.468286020564139
0.85224235872076 0.454637953169822
0.950895856952226 0.504862970493757
0.803693653930377 0.563573526537782
0.433567660450309 0.556840416864467
0.272448673229971 0.440433464363877
0.456395204904529 0.47605445223602
0.76993476441007 0.446019370019161
0.540685473795255 0.567335170798083
0.946045905633881 0.492335677021326
0.777216251698526 0.486187531230871
0.378137895222082 0.464328274017705
0.911815767369356 0.493034712888304
0.829498433409486 0.48841490474261
0.910312653781374 0.531317602935865
0.693994730241799 0.500523732897617
0.873541627841226 0.474384175501709
0.742981271689584 0.477402707760612
0.2685405245543 0.476188470369923
0.831721978617293 0.547765559644345
0.882952217110669 0.490347486208231
0.393004758430729 0.43238030627044
0.904619110308578 0.440407372577849
0.923946366295421 0.568766669948988
0.906858990708562 0.571164326568596
0.599457369604705 0.522546754391188
0.206796932216471 0.450861573680693
0.789855191309263 0.472240382476689
0.345283157332581 0.529923963165359
0.897299964474465 0.54214527636047
0.404692555273891 0.551327529821392
0.450525282066535 0.516452838217187
0.67444755360643 0.458064596095375
0.664180585197033 0.486294118672754
0.372662088599466 0.524541374818725
0.950993789815286 0.568389912592021
0.52144249203632 0.526838625722952
0.824571481752643 0.497248830048143
0.928569058663584 0.54036247247028
0.669063916600209 0.478696289409112
0.890122569590724 0.498422191494654
0.779121821691044 0.456523554857085
0.351996319812679 0.478075732501229
0.923941480996695 0.507728276992983
0.905196605391408 0.540572038926709
0.892196547518103 0.44309368704453
0.805483804942459 0.499369799205279
0.573843218735898 0.508928419489572
0.712908645700801 0.511051712175309
0.733608692140657 0.512470528716601
0.651947658549966 0.461907146068761
0.582844148487346 0.50555205522223
0.803006707710784 0.446040788846906
0.541201922244027 0.465735065644785
0.772988075245943 0.551570443696568
0.966258744022781 0.486896914733003
0.943755777280111 0.521799435827859
0.632765074196403 0.515383669850861
0.861460034853062 0.440582762186675
0.652606588151932 0.482987103939698
0.295049787972996 0.531599023685066
0.507878947034885 0.523665256349339
0.918841842081619 0.537158284114119
0.236824974151238 0.462994105717109
0.88173076203976 0.484535016680775
0.771158355942342 0.542918332362125
0.702119284794827 0.435029719991303
0.0962656460935085 0.522101322559957
0.728423659204431 0.455398543715269
0.706188119173753 0.524281161179391
0.772033293806871 0.44925460076618
0.946216996836157 0.460222466677725
0.905643159494488 0.445866716797325
0.80253995426537 0.54658535989184
0.883445196383902 0.431880386121844
0.963395962869657 0.433114451262438
0.533828780451742 0.501750959672917
0.580093160363433 0.479607212248959
0.68100505186422 0.525022720945838
0.900468963222763 0.475170153235737
0.628841353321298 0.565803951060907
0.680037972773743 0.517495566586702
0.874535576091195 0.501691637616764
0.357522433166638 0.465050411558206
0.835112526908948 0.694969447682621
0.699617622652573 0.691895425897806
0.951936332273399 0.572658590558429
0.935485348514427 0.65952840213378
0.594765552196872 0.653497934350988
0.813229503436177 0.616975735273385
0.894029523783606 0.647053121077369
0.932332045147013 0.628755767579169
0.740108558182424 0.630850547170017
0.890116504372811 0.639893748499236
0.957596384144032 0.65726866867577
0.466721607014519 0.602234550806768
0.643923512022462 0.613164681088318
0.787024380793516 0.607665917842533
0.867787873643386 0.572367494442605
0.820437859045179 0.618654407467769
0.941470074569308 0.637719695180185
0.874179556206939 0.703956117788165
0.655741739169843 0.587926600799152
0.927531479603024 0.613331616271508
0.927863176973432 0.653094148226618
0.609549960512505 0.708665623384245
0.846791191680873 0.6738057535768
0.501091070153945 0.618044438705078
0.893533894325691 0.594591307985172
0.844340103326416 0.649254449854894
0.503135399885755 0.665873756645303
0.961472302761169 0.579576026237184
0.827292099871567 0.611783334026695
0.682681056657803 0.653985912185538
0.978322479485786 0.709546317142645
0.603351071826747 0.668011292662724
0.814993499462971 0.621706863833002
0.862846312567821 0.673235833608672
0.101351123249936 0.710288025371361
0.898017340078846 0.687157549296761
0.942188985350415 0.704566780338282
0.895644811703763 0.582294187256212
0.948733841764971 0.653861179521739
0.450900944387737 0.574908730092926
0.171782194161814 0.580373468186856
0.314713007862697 0.582278189895495
0.765192300720251 0.601729578131414
0.940059366733317 0.632940336431949
0.953438271712946 0.61931664100647
0.153283023108648 0.610919888574927
0.445786644177935 0.598523354755188
0.556228979152053 0.582776090356355
0.364363218186589 0.581926360890275
0.924001621293305 0.628237896864781
0.61826817115523 0.641093129884764
0.961270105119935 0.603033974414403
0.900274255084098 0.594359979987767
0.729828936965793 0.629165014633532
0.94256602420918 0.640188684580522
0.825834149658036 0.663256735310419
0.95427842762765 0.589718548091542
0.524008247290015 0.711901743125474
0.81959995011805 0.675278343992193
0.499445537423412 0.617120452131422
0.94266835426697 0.650267598036557
0.953872816130044 0.612502613099705
0.321465633783006 0.656745757282548
0.893864140175953 0.573597669254404
0.831016543468586 0.629063290063369
0.648749481934737 0.66164869939908
0.954841248135151 0.629825923607908
0.946861925266059 0.631602394765694
0.901209006585751 0.714050641858927
0.860673397497042 0.628478169262781
0.85355261314214 0.572442917452613
0.797651100331709 0.620406806179344
0.873490529237908 0.600827757660248
0.750187715410678 0.692938527213037
0.882391399967033 0.602687488434834
0.934314549777125 0.63758035930808
0.785017397411728 0.65984364832033
0.886467284443721 0.649542657362535
0.928992835171692 0.699044763157783
0.853587518837515 0.601862067498331
0.942670656497538 0.684519752451502
0.619667405638666 0.61620616169237
0.772388972408047 0.586443042441907
0.0758808796588124 0.623866568815689
0.806885632598338 0.712437710279623
0.673550517099416 0.698991868649466
0.820863237005892 0.664442135003092
0.817368414828692 0.687524810925766
0.694096463108262 0.601627735570237
0.957557721687888 0.653228190484774
0.632441213408367 0.659633416721635
0.638511236861099 0.577755202987847
0.683470449473044 0.702687395939649
0.585150705520448 0.660126708452982
0.12497475891561 0.589426374498306
0.865925390603942 0.664101924263048
0.977109016479777 0.653690842225942
0.492897941703349 0.60515321271237
0.710456772674122 0.655877758845311
0.852294748835114 0.660514599781707
0.947005382592323 0.639619862076045
0.243397208556258 0.580662394787042
0.467590582565961 0.644942959122201
0.815258660700284 0.572955924262106
0.946916129934668 0.630403257838809
0.843138173254229 0.647407364270015
0.779694232861718 0.595401843929622
0.880195710647194 0.656739664955154
0.883291030987416 0.616162168809478
0.510065310499708 0.614397270823326
0.922160465946803 0.710573402932515
0.550327465624033 0.572701283487742
0.924121943907653 0.707248600077469
0.589626209706494 0.655862952687913
0.584899091859902 0.646694733229991
0.940447330975128 0.679636551693717
0.303589529620458 0.639564334663081
0.655417284878642 0.641987462249279
0.855552220635739 0.575913763735324
0.639439707599741 0.692319386540311
0.959965888604646 0.575961045195696
0.93663797217253 0.655176857176446
0.959644048529354 0.592739950620587
0.901633588541852 0.599977649996238
0.405907465128567 0.618794976235925
0.913430634702615 0.60219463871425
0.860804667551022 0.655896254841886
0.892182960673956 0.650527745047213
0.979676660972617 0.627460898787146
0.962654314455579 0.677531328894596
0.88298148571053 0.633970236217699
0.713514482481477 0.610311513116237
0.723583371275156 0.600103127783265
0.948138029527411 0.657109055782824
0.604298360940004 0.606707200608933
0.907655989379923 0.688892248486111
0.819146865988429 0.693809339571354
0.820392777294085 0.586860297547059
0.410161878470488 0.596326266944097
0.932957164578428 0.701857285538947
0.820325861392503 0.594418794343969
0.960160846315754 0.615764277693132
0.534632831327672 0.665796450172417
0.944264758439386 0.632921371147589
0.309513871943666 0.701793647671561
0.513185321824148 0.655381017735702
0.396229819052937 0.617223426782053
0.412657168711122 0.651720531289635
0.720999680126634 0.648903218586693
0.905936449358732 0.635409349219828
0.841131933150311 0.695435125845866
0.83401810553703 0.660686427220897
0.71593281841312 0.605273852477939
0.942752071893074 0.703951779918854
0.834183415915119 0.692453659673917
0.473124413348763 0.696067790776562
0.606621036716326 0.619915456966939
0.895929316763502 0.627102047632494
0.959536345156901 0.693885723515286
0.902979905846309 0.630016718684015
0.572931659036219 0.629352692865571
0.886884213233632 0.661807976955699
0.895258059566446 0.580425632947197
0.941484046615321 0.633610484253978
0.599098034582764 0.576907894641779
0.899484966542756 0.640124859174477
0.811164936868145 0.708518363615235
0.904997036746154 0.644559536122417
0.597498020884022 0.602242506507899
0.578670646160734 0.625731946212744
0.577695205945393 0.639703465264831
0.61995959003783 0.667510354765473
0.96383630819508 0.71408124815605
0.640730316447832 0.582223046492006
0.245622789935496 0.681912060227879
0.212454553988265 0.668954173578756
0.504953306191782 0.645386206404057
0.80827293553072 0.577228041282281
0.833132059848801 0.577133469418344
0.778246696684323 0.59130449074874
0.924896624965421 0.633398553228355
0.898889825190256 0.658757233397936
0.773297888589521 0.594351857494799
0.602009763004692 0.708993650091986
0.833406851361377 0.685108402689459
0.834099767956946 0.615409288370977
0.882358465869885 0.702664478107481
0.834183415915119 0.574108548224752
0.508019828905847 0.59573217933498
0.946038846425262 0.579243993689404
0.867219470241366 0.639901050878178
0.828438215583873 0.608100569258595
0.181248075950458 0.630688582839028
0.964877002392398 0.634411588098656
0.958386361334424 0.683002384986692
0.745433262314495 0.60918242391861
0.702336327554348 0.622660325081271
0.889769569886414 0.589474640879223
0.69974107029062 0.643666055529609
0.935639500275026 0.62911698271476
0.622497805413128 0.580000937527986
0.79500713527561 0.649834803595605
0.74902954295135 0.655033856166831
0.67975949106011 0.630929855256355
0.534753388597996 0.577886949205832
0.811808666860437 0.698737379821424
0.955533558176574 0.590611964530855
0.859570281034105 0.631455386395373
0.719112647150714 0.65234847640551
0.843234984778724 0.656084929159537
0.66490002606753 0.674249932482531
0.747542810356252 0.619148622622251
0.928781738575716 0.639029131608399
0.649805095303061 0.577133469418344
0.958004042988638 0.65275521419567
0.617790793780164 0.678695905986294
0.786238979927186 0.628058251038745
0.312624761861765 0.685912950905751
0.844679622151371 0.703950710218697
0.899484966542756 0.59501275181729
0.627933976463719 0.572143763056566
0.786246280691132 0.57436415370354
0.895929316763502 0.596983287643077
0.839900467520753 0.603243861840028
0.932876319173282 0.664074448637449
0.893972079447538 0.689083961202071
0.394533366450679 0.580720564127141
0.807803927523461 0.606918623927429
0.956657363275975 0.637380321884215
0.654123356641061 0.62749265177827
0.946985725043918 0.608782340026979
0.597266231923374 0.641005185382464
0.952281646086597 0.610973656053926
0.885017804991377 0.660843865104282
0.711442218517229 0.679638979601172
0.850745640604831 0.694693953047412
0.744496362919688 0.695202569582229
0.574986561843444 0.583911226539412
0.94332034183796 0.601464787679601
0.653526635867902 0.611421565913949
0.956339865557276 0.620985769914922
0.744835905183312 0.635339349792422
0.419183531974776 0.662636597031318
0.63763018358204 0.709503203088049
0.59160340868042 0.59346624946928
0.597880240982644 0.684262002640905
0.905683776247178 0.683770664645102
0.973502773117776 0.709204984600969
0.929651482497582 0.594599362816136
0.855754970963998 0.691127927563899
0.95878193691836 0.669125564612695
0.956261706896349 0.661218512874298
0.824440144013738 0.684289019239281
0.938042163887349 0.640319355575884
0.674597042501488 0.615393111569977
0.609635378754317 0.698544015472305
0.871445367183117 0.651046373210781
0.659766123886889 0.624796160800686
0.985608831936061 0.581963906132559
0.811914381168049 0.695806851650983
0.935339031377809 0.599470580759695
0.906790458473142 0.581093804813424
0.97446332171874 0.60908285925944
0.594852055027125 0.589693056697354
0.98265958858693 0.608482289093878
0.916730595037551 0.677961456078659
0.820350920129845 0.646168665232834
0.590631425141864 0.670883513616688
0.946616460858948 0.672282621320573
0.952978438757519 0.69492063272897
0.90390784172955 0.598100895208223
0.797109605555644 0.591529106469205
0.979164043747401 0.592645050890352
0.85483053997846 0.662719582725428
0.700241484792826 0.650538440713117
0.881079342801262 0.672343289069496
0.719596749940641 0.64646862678113
0.501958713751043 0.674864081121467
0.712146060965626 0.601021064033176
0.975869944150126 0.58947218332513
0.901584406163407 0.662953457686526
0.428551417649547 0.68802199691393
0.928449421308864 0.65927334606132
0.941413026073968 0.60965288490825
0.459413575925409 0.627822955334798
0.951166237039075 0.604803086672325
0.305414654908499 0.586277357629362
0.929637786847653 0.574481578328564
0.895073396254267 0.61798684879225
0.607895121040368 0.697455095584809
0.855976972591147 0.595085861825963
0.422273346529739 0.70230479849517
0.85212060337321 0.635574047083734
0.796477433795297 0.68515774709062
0.71945193242464 0.652106491794294
0.883201685825394 0.627292436806145
0.842774913688445 0.601719364692527
0.931468722422837 0.625254244952795
0.687639470123 0.615874977796812
0.84392364394973 0.602130974875314
0.878729775153286 0.655967320146589
0.951106790260433 0.641289178061349
0.832204129099845 0.62422310943627
0.903036521083623 0.611372482629201
0.96523131039023 0.57602424781102
0.948588639034907 0.571911152111438
0.83538159763501 0.677267382092586
0.624866150543797 0.63457922191052
0.48091468962301 0.596600424002115
0.910084362059787 0.703767811997915
0.721146941769577 0.688300928758682
0.479458115080585 0.595140038355695
0.955555802878114 0.619363300983637
0.893261182662514 0.643238472024511
0.819146865988429 0.579255538787701
0.807388919139237 0.699368763567846
0.898512171025645 0.583030940156677
0.855542683109243 0.614504533281547
0.641579577471348 0.61285070697509
0.949142327693191 0.648790268284445
0.130558912515263 0.699306533716128
0.854105715480399 0.603271998204965
0.571231076573046 0.649316011887469
0.525068184485627 0.624841751670244
0.902831996347204 0.633085899104582
0.888945352564486 0.649818375232095
0.832808138486132 0.659198089548155
0.423998126203644 0.644408318001707
0.864855999541144 0.69543463834088
0.755289035449232 0.592363379043867
0.294827779261141 0.699165456182455
0.9703771890107 0.682120843826151
0.655050633908947 0.628917301074392
0.832259431768423 0.634085148363522
0.891136570174854 0.685628167371129
0.925056031293803 0.655980828505599
0.864836125857295 0.588353563480183
0.911695376486556 0.659370415399783
0.95973537373861 0.6101290525881
0.889863476994596 0.700703712891566
0.705877554801307 0.712379579290311
0.286953835120272 0.773822484665708
0.959121168694365 0.765061283717025
0.732812632888146 0.718080875545633
0.686716348765697 0.787627559879395
0.302030248940876 0.760130526497087
0.578466359006251 0.764562822097313
0.57792246729569 0.724919698686847
0.707622396064214 0.731874611109187
0.581003776817448 0.719546756849182
0.91233511131309 0.77097648576577
0.957158526612593 0.731881526859051
0.731073475554296 0.730458536147058
0.585813936849371 0.724179852071677
0.300234487741185 0.746386841230459
0.746564485470607 0.731023051861841
0.834433120632589 0.798994734248867
0.904696645386767 0.834981996643223
0.907639852685959 0.768519532292009
0.842981114469318 0.770642829110818
0.590698813250134 0.79406120527654
0.852910397496973 0.732508133325924
0.899402302308631 0.821262401740706
0.765394084328567 0.759603581934623
0.61016419376343 0.776099591045144
0.925160401194387 0.810932837370165
0.77283959214343 0.742165826806069
0.856142608073013 0.731457398159404
0.599696502360507 0.811424261484562
0.691019951820116 0.753326262221912
0.943009772063481 0.742072312496003
0.544058957047053 0.725726613352454
0.898161172818661 0.845157947391937
0.731185861222567 0.724544237568051
0.56825492072444 0.716537613099986
0.528676842975737 0.772988061051685
0.691773233829563 0.747759899931101
0.930641118469926 0.799669851788668
0.920417348154421 0.756455446921382
0.97436725955854 0.795725701130743
0.793747938139193 0.740156218209528
0.836464820183323 0.736253926364764
0.521664705774459 0.767908820831128
0.73982658545675 0.773945263701707
0.848372875224914 0.761578087926347
0.413246779485206 0.795180509877657
0.377932091610944 0.78677382419471
0.69747482945398 0.796187376225605
0.564251552439292 0.731157470384389
0.946597640435969 0.843639175291259
0.74194795023793 0.762147081630022
0.713545508919057 0.729276742316139
0.57744749913557 0.809443310747133
0.628783686348286 0.820554212719975
0.910821752927971 0.749952951778015
0.858481877540378 0.778704415428982
0.957483025590072 0.724422110675667
0.930676407376123 0.795424462670918
0.722925985383108 0.741962357849782
0.770080654087342 0.811446571585748
0.874180837554055 0.840457944659487
0.795030957954106 0.757809244894664
0.654853580421843 0.749030064504174
0.470076148858052 0.787737496931132
0.742288034006591 0.784772007618701
0.657593096209805 0.745875309282603
0.714211581264116 0.718329836859899
0.57552547297579 0.787870845007887
0.649010750573743 0.809550460744086
0.630053430741624 0.828016884078741
0.7591433856563 0.785623656258835
0.92115828879382 0.736365518535515
0.91995935700711 0.789284899767697
0.88310816210245 0.749240142380925
0.950755535354424 0.745927868531235
0.716670839254125 0.717044742361664
0.828249627554222 0.754714371438102
0.740729614361995 0.732011565635679
0.877428818040801 0.802366750926364
0.84983962496057 0.733123003901215
0.74720387130779 0.729121789002317
0.758403296538857 0.724442536083526
0.896730147689646 0.762810968823186
0.775905966401451 0.846433214887201
0.687923377704846 0.722607297891772
0.891855403255122 0.781358804752977
0.893501494193314 0.812269769177478
0.932316981081723 0.745120825726492
0.855555261375129 0.808383960186975
0.847099836670614 0.761395498468465
0.685718185842769 0.756041126001761
0.45102593345609 0.725341483160527
0.8303098794488 0.750365889886216
0.215637005877778 0.771038200826443
0.935311210664343 0.785012595654613
0.89993189502365 0.83542868509533
0.790836378040074 0.765176098306608
0.650309692385748 0.732934638306911
0.506251413291908 0.714449519166633
0.869520410478792 0.818174098095752
0.875384754936205 0.852820101374019
0.849781826890931 0.753570420946352
0.932403402527329 0.790793204858753
0.693160660809475 0.793625130517108
0.760858354097641 0.84003992337909
0.863578313814583 0.763330036358042
0.845629416127264 0.826777177426586
0.843590088224532 0.731252769997159
0.686197782938111 0.837647938887306
0.845602079526016 0.78429186630222
0.954051950056002 0.772361244520921
0.788205020148428 0.773229733380977
0.570380543989882 0.832482128446878
0.176312280404143 0.734833462461244
0.750493977106062 0.717783198533785
0.862764969713834 0.752561297545079
0.893327039150291 0.732051369797099
0.899420528122172 0.739013644301779
0.889738624309465 0.731493335761267
0.521906299612569 0.785012595654613
0.927591287239922 0.831995275738003
0.857267703253705 0.841387062146911
0.616214016845719 0.769472874644382
0.627380864879541 0.813398195936502
0.940867392742936 0.741845799899473
0.910838759760061 0.759402607972764
0.58225406322163 0.762368631715018
0.877647816354807 0.750325011125769
0.952928641758957 0.794528912382472
0.877249737845685 0.770145368375151
0.720698579767137 0.752649843240645
0.487033014761047 0.765256123982152
0.857967920606646 0.730368563229313
0.830241437910892 0.800645901473193
0.757019087038262 0.763594263628278
0.773842114716563 0.723065715526686
0.955108940520489 0.850407065258577
0.462795579897706 0.839222769989393
0.549696365719104 0.756783364809923
0.878042486643956 0.779619519981161
0.928080014805684 0.726794575770719
0.727669902466498 0.717823307423745
0.891377518847037 0.718509283966638
0.53466282953762 0.739527133993753
0.548174889006037 0.748506596154774
0.846136761468276 0.721790107042403
0.690796037336427 0.818174098095752
0.756075811834442 0.791699811642561
0.708635853448736 0.842273744031731
0.509439001687984 0.846150700861632
0.887076055652269 0.733196091917505
0.8982781086361 0.717174384288917
0.180916152818538 0.778161354599004
0.967480967877796 0.849342601273835
0.875861659409883 0.74992768817981
0.864513555504926 0.839912595219695
0.744472380702995 0.788723955956443
0.452717977982857 0.747244658012204
0.917881330587882 0.730123278193206
0.755549723673183 0.716300265422835
0.683065295234002 0.772250378006167
0.96258847097527 0.732239477429236
0.911606731270843 0.76077007914904
0.950980279907659 0.900050941970409
0.365280991816459 0.872379191373817
0.88785662379988 0.864940141473921
0.872296857680574 0.918549142646897
0.916501863124889 0.858048085554551
0.894262347562535 0.863099698270981
0.415061765434203 0.894522747067675
0.729319159725765 0.868889438144211
0.513454446097183 0.877504650978017
0.766029068214214 0.871863430860461
0.922458950447845 0.943486533130045
0.757891682862393 0.867160758495119
0.571400587473594 0.889992217639153
0.388465695287019 0.862387088763858
0.564809469514474 0.911814966429676
0.596832194601127 0.87548117337215
0.279819618522004 0.872568593825074
0.830128768615384 0.901668100923375
0.699327254664582 0.968249599876104
0.940004757840816 0.897345071198524
0.749253899466158 0.859382927514725
0.793880115510389 0.881144948434914
0.785726088078072 0.879338106603237
0.901173831949942 0.960259419789958
0.892023409602484 0.866176260413856
0.531001579802831 0.874264590087476
0.829112975965179 0.860192472628062
