0.714475777781097 0.0641165923505403
0.7719495787211 0.0915703415345321
0.781591430122642 0.0609525166730971
0.873709357685268 0.104885924269429
0.688600458553203 0.13929352867474
0.580194866401509 0.00849563779884527
0.896710044242538 0.130697053707252
0.501914878359659 0.107198483746948
0.897777318178364 0.00192067303491993
0.0459381361148075 0.134025635351611
0.529280787967245 0.0791681063384372
0.888429021376183 0.0999053819090171
0.371038235972695 0.0239397974337002
0.781271389498264 0.0995480515556986
0.930183430037623 0.130893840686194
0.970606776804368 0.124246713723959
0.556775571147809 0.0695004104177667
0.860953681733485 0.107932531390229
0.729149988129864 0.0786711134547144
0.93459878144602 0.0721928561446015
0.718444389657399 0.0396551432461455
0.826970807503688 0.120761278815818
0.586608600389048 0.0197229556743321
0.782444228489193 0.129805551929125
0.973236955173444 0.078401196170528
0.867899018127622 0.0545836633967
0.90251543728296 0.0626205860654089
0.34687465800066 0.0961364152110045
0.951417503729963 0.0526316894782219
0.288440934191072 0.0425918607376685
0.599875177198986 0.049642843585397
0.794250370659734 0.118436448961071
0.86195370272466 0.0744372328812107
0.526947870254081 0.112886374020026
0.159140152870932 0.1004748204836
0.932273015816075 0.0680752830581432
0.631106984491267 0.140915978385388
0.89232041939266 0.0319631012571239
0.914319453715414 0.135753479698011
0.188023973499489 0.142410683380235
0.360684750811484 0.0971340116481015
0.71184835130603 0.0892440435682295
0.703343430569678 0.102906873765159
0.694692347439624 0.0845425893995741
0.883369743858379 0.0594367074111933
0.984247215178751 0.0640733546904568
0.469329019238897 0.076206612682668
0.334119090238957 0.133111834342045
0.752286148899235 0.121094064478388
0.862016948893929 0.0742951688368481
0.348083764656538 0.0507539522112879
0.779349088924217 0.133578832093037
0.585778940218586 0.107863184141225
0.952044839626481 0.0783119411697465
0.275681760559894 0.0520943667653372
0.969625529744391 0.0628636998408157
0.880901340750674 0.138702340342739
0.697449304021851 0.0383598312885834
0.432119116863783 0.0524504190452167
0.827091568425778 0.14247922756745
0.936960421798152 0.0507662934727835
0.392212151676953 0.113565247052621
0.60417920316338 0.0543588534202854
0.917875735422241 0.0422814348810321
0.884108374261987 0.0777432586497582
0.754600209390114 0.0995800467506956
0.990724935655954 0.0581878757560982
0.645018414851321 0.10233587395198
0.5222763010359 0.0250679078563139
0.908032232725845 0.0610351786425541
0.333113301948565 0.0638153460085246
0.908893825538366 0.114258320676288
0.86565756600091 0.10295348889665
0.313041333282427 0.137284864304512
0.907483326357465 0.141122910230839
0.868466913356716 0.0773655582089263
0.335517030128423 0.0510794900267571
0.956478833164193 0.0639995988660448
0.870859261494637 0.140659184118022
0.643304410311594 0.0882316834251483
0.387658277455306 0.108413701771355
0.769205177163398 0.0820551844758902
0.737978261575276 0.0642514412550382
0.573243984468826 0.14249638217405
0.813818888968228 0.110804894756039
0.805093691784225 0.112631947575645
0.791543467039706 0.0684365455234574
0.60600787453463 0.072495693876324
0.516795750038442 0.0857162537702938
0.530773629501664 0.0316044538859557
0.65256291205313 0.0263512390177639
0.875758517826588 0.140710914614027
0.766432025145047 0.0719821072609176
0.830267815904026 0.0312923930485254
0.863307163690027 0.135517201512359
0.914642907417647 0.139722175608685
0.645878713839837 0.0155892774253023
0.516136041809449 0.0662427799471129
0.778536676436255 0.112912630635772
0.781170363327204 0.0537746890730481
0.829698423674134 0.0158698641958525
0.725912724856838 0.128566591702717
0.318041212463046 0.0600506450888043
0.641835487803566 0.0982004083040002
0.978779132088202 0.027509860965542
0.852039254663398 0.0218866498200207
0.886983113627056 0.113158427846087
0.883419516207173 0.130043785428395
0.819627747942187 0.100027122485942
0.60417920316338 0.0507644367303647
0.882905063352703 0.0996671732832915
0.572950020466261 0.051657945349704
0.571188159470105 0.0314024220731466
0.966523832359564 0.108413701771355
0.893503714738395 0.0449383618121924
0.316707453588442 0.0923649746712509
0.805177822061699 0.0122705859858944
0.230634184515037 0.0557641962999242
0.867845420488806 0.0589812684932042
0.735723307518305 0.00706624511924845
0.919892265550876 0.13002281024287
0.449035007555833 0.13217483049384
0.793925962581037 0.0702673184204884
0.928160888957456 0.0783287437991066
0.802406214069762 0.121530881556309
0.492232844845282 0.0480166488124728
0.501749912119197 0.0824467787140148
0.979277634006776 0.0195942326647109
0.347709168017488 0.033060770349118
0.949780045479934 0.131053981326083
0.676175718467407 0.134367151560125
0.803090855821471 0.0667884269609117
0.985125446969304 0.0267875739644987
0.699120539994402 0.124893969643992
0.688024062277892 0.0389887057647725
0.853122421574876 0.128785000900373
0.68155084505769 0.0788575310437032
0.238619758290119 0.12841316337388
0.969150406941785 0.137461961984564
0.985951567856714 0.0578986938409146
0.428680156776285 0.0809556700987997
0.618395818771633 0.0797353899088906
0.938632388983075 0.12544937360289
0.905603854243696 0.131687881586706
0.975776060151084 0.11355886848679
0.970407073750766 0.0571441885549077
0.688323677757169 0.0886378945801399
0.673971058968374 0.0322226587902052
0.749774212500411 0.0454212402772664
0.344705190010881 0.135609454998831
0.73567313126151 0.0919444927169636
0.560506030764324 0.0633977829259369
0.559422965473386 0.0356628009476367
0.587750849827102 0.122340871485011
0.771439575566843 0.0394450366908423
0.880595383370772 0.142135393618368
0.569901502281795 0.0629670080820207
0.410553201773165 0.116263291257518
0.836021684245135 0.0831665583803481
0.584767768860611 0.123440469639987
0.467657881520413 0.124387030348697
0.754604093397535 0.0733419789308905
0.652016294315685 0.0680686420639772
0.700990289854565 0.00497729497020678
0.919487823975788 0.0625592858018052
0.690549595734876 0.0491146648106945
0.725392548283682 0.06223486149566
0.983969139916792 0.0447084409198542
0.450222011369938 0.0526033249085549
0.21162812145953 0.105756555444139
0.849041657018081 0.0528706605349756
0.794419688164555 0.0975031151468316
0.921933982968561 0.0720534869028406
0.794374547909973 0.0322065919955558
0.922896724847272 0.0827888561690305
0.933038334217204 0.0788960095143647
0.903428207179992 0.0829230629382262
0.540864730383425 0.0894256470865368
0.98144107616825 0.0512982468537202
0.918130343652644 0.0784408981005825
0.669353778300291 0.108053026530829
0.908191965053997 0.136235361580994
0.895932998133431 0.0918443635910298
0.95583946273377 0.0808498322159367
0.87500770940336 0.1375757137803
0.769064893201294 0.0935718619049563
0.94321256311847 0.0407426845601336
0.912154450733644 0.0347396759327332
0.817249650046988 0.122633254655032
0.841966890413546 0.0636716838381839
0.46875163722045 0.0831054479455306
0.442569576826708 0.0935718619049563
0.969472919038517 0.129945167777747
0.899194558987519 0.0659871229715839
0.785572222787852 0.118490751631191
0.964064192271505 0.130577026039473
0.471198878201504 0.0790526562250854
0.987821273193565 0.113759805041464
0.585745335734379 0.0916743956547843
0.746072803954294 0.0658427248461767
0.975209940793131 0.140097604421933
0.816675164819219 0.0430946076427841
0.758394278995939 0.130191663814245
0.95491211630684 0.0815259311452049
0.756047543682211 0.115409380547912
0.924711548237492 0.0163817990408373
0.621641068729182 0.0377361623222269
0.918660312296139 0.0340950943650941
0.932563094764115 0.0831718903416125
0.82908548550309 0.0459107566653366
0.85459037155242 0.0856881543814131
0.858201018949805 0.0678822933081936
0.420641472791947 0.128798713959675
0.633818191102407 0.13550452158059
0.740935596059147 0.00700672965062844
0.90231040911051 0.112855055258537
0.911610106378878 0.130327417726875
0.407102053296723 0.0631457725272378
0.829433905251376 0.114793150147345
0.316772131789474 0.127155825332079
0.881490160476155 0.0942200499297612
0.603175602018635 0.135226595286825
0.860988283270097 0.0835481321885294
0.598992562401017 0.111751484021926
0.967536487671535 0.115199918144116
0.528968010975375 0.093157947043694
0.69255377885977 0.0405291045574323
0.268219152504073 0.119153382446481
0.615290279086684 0.117649115341238
0.718341078614024 0.142504973121103
0.711035512930386 0.111729098131998
0.821710215489908 0.110804894756039
0.10507018573701 0.0294400597182611
0.917399060660075 0.123162272719281
0.670363717504011 0.0869234653504248
0.182903968398899 0.0871827041338027
0.939561222460017 0.0390628233456983
0.714593324959773 0.120756199304089
0.939917900965283 0.140262145708973
0.928010376536878 0.0929365868215922
0.700069725554764 0.100082101769505
0.912151535196145 0.125070656069777
0.952974923726039 0.117132772683871
0.922388389984414 0.050987163893747
0.4783203607871 0.111158401055325
0.127668069110166 0.0439735440501747
0.145387342114418 0.070818552209183
0.738019968170009 0.0661976067327644
0.900275645550745 0.103578357479405
0.0701126153689959 0.121358609111505
0.940014311319149 0.133404925232426
0.547509690729975 0.0895640832697576
0.925384945479188 0.0618543512102941
0.957762751801536 0.132089410910764
0.80721878851429 0.133195370688749
0.846096467694442 0.0944273363178827
0.977489289573351 0.0974757688149969
0.62260519608849 0.033194542915525
0.835268515846973 0.0453860806677903
0.413680181711331 0.100962266363467
0.655387004586626 0.0296048116276387
0.956078487205036 0.121478976909065
0.939166198709354 0.0346105871375771
0.805721728042658 0.029674302441817
0.905824179189138 0.142016431009206
0.826679735298424 0.0179486112668485
0.973522213801705 0.0563201012339039
0.762213351074476 0.0429114650227067
0.885878378097173 0.024508537799115
0.724692182336356 0.130478614548524
0.704694101375497 0.118283601934996
0.818248714940664 0.0329583429819828
0.814884027303547 0.0925568383506108
0.835129261781035 0.0680021417244441
0.352529803368199 0.0647452295719953
0.374414635145409 0.097980005029208
0.858965911101288 0.108928726526357
0.662034222208239 0.0595015856940896
0.918051156160463 0.116734367293606
0.837216631616482 0.0688027553139916
0.954140818734287 0.0945542188203963
0.675842510393314 0.0803570821467156
0.980487441506275 0.0611324926716642
0.738019968170009 0.0678699738936603
0.845704281946256 0.0902959020006838
0.719185423859024 0.126317969233859
0.905382369461942 0.133637452200923
0.915003434240012 0.142410683380235
0.840015131060718 0.0581669912408606
0.920557432348407 0.134092507593784
0.219747482776258 0.0747771183222543
0.972996455451595 0.100886902012852
0.616588731473045 0.124806697219253
0.0443020667538661 0.0454419697245396
0.868437943055981 0.041428351543581
0.157230627398364 0.111774109537609
0.942456134889457 0.0357859024732011
0.770566468508267 0.0440756102700501
0.496820407761239 0.0567901873081511
0.818062591711367 0.0599682994968708
0.210973388950818 0.086615091709596
0.95454698702995 0.0413932817102515
0.952732811045319 0.0846489782077283
0.740454408582242 0.0505230946014433
0.587442727553684 0.0451919309371128
0.675077987927166 0.0414383147284777
0.815891641753682 0.0370392421229803
0.296728410594141 0.0225003839737661
0.52137642611362 0.0492364714617644
0.889477622139129 0.102956926446926
0.739776968779191 0.0885132739468946
0.460729424006789 0.123263515489628
0.661243838442015 0.070927693241017
0.854943532275906 0.0835841272409575
0.895673474550559 0.0973948343426915
0.949097161982339 0.100178802831854
0.386960457166471 0.131043470515028
0.861131700184213 0.0846668351494643
0.25378471616445 0.0555504378996623
0.322927381556312 0.0961392167953505
0.259484839559634 0.129328116515155
0.982698014573217 0.0711158232235475
0.685619948840104 0.060461415825396
0.801540617748171 0.0411608197805775
0.92990006630376 0.117233986403202
0.779349088924217 0.131239978439218
0.946009230288458 0.0833567213858234
0.564252714840709 0.136309152183924
0.362930244477643 0.0782675445539208
0.988348107727043 0.128038159249893
0.804566050979542 0.0865431775579636
0.513355509813358 0.0815317721753013
0.933911953031922 0.0242146754774294
0.918656115715641 0.082805951078001
0.984382947982633 0.0104522133227299
0.729709177780194 0.0584695631236487
0.874015514784647 0.0380565511797671
0.529491896330702 0.125407787888282
0.31456239133707 0.0147055104979437
0.885253198716579 0.0538011720174021
0.923227397251146 0.0459179384715475
0.13823717319252 0.122575063097977
0.457279644130393 0.125605718448163
0.557703212931483 0.135874353605188
0.975648436508014 0.110420559585857
0.925579724561719 0.126243107318553
0.821203837378907 0.128362261120623
0.667322950485482 0.0701829466169334
0.729984667624464 0.088448356426517
0.381052190230119 0.0111104572448092
0.519660343129533 0.105909440664475
0.808317997619779 0.0272358079610365
0.816336689237481 0.051871932571592
0.886090074553766 0.139908782370413
0.807614782509158 0.0447597269532446
0.783351328391979 0.0257546405935752
0.861284439724737 0.142813359961086
0.523362821009811 0.0599276173096041
0.7652277067494 0.0110422188757846
0.937493675669735 0.130130017209652
0.940778522589798 0.134825786998983
0.760902371842429 0.0691436256438809
0.90963401070958 0.0774764387306492
0.619734673297824 0.099237176347979
0.912159274533083 0.136825849190043
0.794572999894846 0.127409298573483
0.92450039743297 0.103882138689718
0.951660025231382 0.0943212116335716
0.878822640882267 0.0767647399090926
0.805177822061699 0.102205565046792
0.633519999246107 0.133404925232426
0.574530747045226 0.136887398751867
0.960577427485103 0.0780993479173129
0.476369069646354 0.0568717732169103
0.817932160083934 0.100571043263526
0.704241178067872 0.112480454213136
0.967570999229217 0.142554546459351
0.919892265550876 0.0173226747372604
0.935447738929839 0.0195274107294168
0.979992405964903 0.120790762701775
0.982107599424488 0.108053132201245
0.775603581119022 0.100302556919234
0.913894482947184 0.0256774048263514
0.991288732893047 0.0883708356767747
0.888204132087011 0.0526913990320162
0.879290318881392 0.0305561975361493
0.905211778377445 0.0831151474183571
0.919874619776688 0.0996705058506072
0.804074844264358 0.0239397974337002
0.853963990514262 0.0627614869287517
0.935478569061521 0.113193388056978
0.898268974422998 0.0551062215560255
0.74633637155439 0.0561334172510686
0.978671558498597 0.0601170984645054
0.91464738949202 0.122872159131937
0.616490335902523 0.0969579805167891
0.842573612416662 0.132575278929171
0.745312312816095 0.122142711449748
0.157305694522535 0.0815526493859488
0.939634402084866 0.012907175025585
0.906725311896855 0.111432516053817
0.716039053920857 0.0625700602163695
0.812798165728933 0.0503602793123807
0.614733967057184 0.136719634194499
0.713626987108131 0.0937143898950922
0.880747560053013 0.0538496203614945
0.657367668933616 0.130371016191566
0.832628216674754 0.0820796000522815
0.893262476570561 0.0564725267403158
0.399238868426665 0.122356039957045
0.808229221107877 0.0273182517601502
0.420056560501963 0.0616830688679897
0.969472919038517 0.135435439382417
0.739321480848522 0.0897308455093621
0.954817168180758 0.0184073309198044
0.986694274696105 0.0401218993902585
0.712007572746552 0.0775817469577248
0.875174270338177 0.136500569254543
0.657567522863051 0.0625089405698353
0.253339435909987 0.0620910053346177
0.399008198967557 0.123601816384314
0.6750488842832 0.0660580205739722
0.836675948319327 0.0984043342975865
0.844435783582019 0.0723286380750276
0.828479543926981 0.118541802975664
0.741747729624833 0.111847730612797
0.878840573567128 0.0394347411116522
0.790436776879062 0.115300793270447
0.736784533993491 0.0724259621738932
0.748611140045756 0.0417691723312833
0.910180557447282 0.126142202512402
0.342511242596198 0.100593542190303
0.264778843228265 0.0865978843280985
0.632196477119531 0.0916222511597716
0.803769963222702 0.0733928643708622
0.850822961677344 0.104767233895181
0.896253408308164 0.0598350540419196
0.932992574472405 0.0805172276486073
0.877310141318392 0.0894025267019386
0.787655986469733 0.116004410256009
0.745851930984724 0.0286929703523461
0.68312629569789 0.109890603138337
0.474868752947059 0.044478153115288
0.643520328804001 0.0523108038720881
0.968222021159418 0.0987080123326348
0.799726166479587 0.0818035976428879
0.808789091122044 0.122035562769246
0.936216645909143 0.12936862739149
0.222472097147114 0.138657722042179
0.544042966254755 0.0526799956083191
0.765110334314202 0.141751729981075
0.824372415489654 0.0829185114695423
0.744788563302777 0.0365868354230009
0.795173803022505 0.0760288597757656
0.948108134885965 0.141369352201224
0.354318689025338 0.0232565243085789
0.488481751186528 0.013732563971519
0.545807968706275 0.0906232720790409
0.915426243244088 0.0927935183165229
0.95505706390506 0.0777770654470702
0.70838206185851 0.137175306157726
0.949032612324572 0.0977215868345209
0.783881639779738 0.00297458315549633
0.917446759927357 0.0293126493966914
0.973665020865613 0.121465470108973
0.755205467717472 0.0871300704112669
0.628035674217154 0.113236766464173
0.248116266462419 0.139674889923366
0.552415318594371 0.0846668351494643
0.503427666835402 0.0956487345716244
0.735493219352883 0.0590510640860094
0.950067782869578 0.12221926671839
0.76283879322312 0.110777731034031
0.935464508873671 0.0284415662045834
0.942651296299467 0.0661975108166704
0.791897482232497 0.0607301066032562
0.921337010717834 0.0354281510460139
0.832447647268173 0.104127623958133
0.429751501087356 0.134492992913691
0.843932793135963 0.0742392537176505
0.65002788680447 0.136864809733849
0.689383598647414 0.10954249784243
0.94698151577121 0.278316663604568
0.625281268855943 0.197445186680539
0.282956301063049 0.272116005622695
0.418774866346209 0.220829505383484
0.606794791046557 0.18662947139934
0.863920495142948 0.196061179218439
0.823263373766557 0.276152181758356
0.887320177607927 0.208642818603743
0.685894285650275 0.280652638411935
0.779053877659328 0.169927005764094
0.711586431882515 0.257587956241151
0.866810893711527 0.176389339719593
0.691246561888941 0.223723136625202
0.536241859416832 0.20555839221685
0.9258358584315 0.149864767355902
0.0639176524126569 0.271842983066129
0.941771028825598 0.247104241182643
0.92888441194868 0.162268434299028
0.740166737552825 0.274086062980765
0.939610073708156 0.195457978782373
0.448804766360787 0.168133655056668
0.929404947532842 0.194600072487815
0.114615827380001 0.263629866228533
0.340817752086297 0.273569417552854
0.338850009676621 0.200953865992566
0.370674124637067 0.250006722429391
0.944476225252095 0.252247752110106
0.950333770753642 0.280424683369097
0.19180228240847 0.211120553761015
0.477392442934835 0.280783578394212
0.924294736595948 0.151332987286213
0.459868744266975 0.223257653203735
0.702371831782709 0.147801944933057
0.715110686208869 0.242456168295042
0.500897723604995 0.191945560543305
0.28910455549729 0.206401042901974
0.775360691127421 0.2334384600355
0.758832671803625 0.213081080170682
0.912148766212555 0.172240655549225
0.168527453491158 0.262264900513977
0.923737137493527 0.175892338157837
0.925265732683408 0.250503201432215
0.912965478934304 0.190066148669713
0.655742405166143 0.265587459128295
0.887930382714123 0.248538098699141
0.583893554735727 0.263041344098764
0.781043640633081 0.252832525579414
0.864735687712225 0.209526919887799
0.300637672598858 0.265384433135108
0.915043404533794 0.197847964890028
0.922423713874634 0.227103581725939
0.972005216400723 0.192154995513015
0.945543686435002 0.279256837836856
0.63866675950535 0.277964729454294
0.720248682269668 0.252036641933473
0.586288693631558 0.164444430952719
0.470513287259495 0.274315132666328
0.756388315264435 0.152668853393497
0.874194125511376 0.28426635735616
0.796540110933775 0.16844942875979
0.89833100054026 0.191071491209959
0.919188684109103 0.227028922546092
0.595438915567596 0.222518962477071
0.647508812410987 0.250340117570455
0.592800935221899 0.266054811462875
0.963810785120545 0.22280418026564
0.882725433365934 0.191580013662824
0.874767415033569 0.145429657940327
0.37895452010907 0.205583591656593
0.607325930376464 0.176944961003319
0.951873793252443 0.231163209911624
0.860110281393647 0.242337778515654
0.767849213248022 0.238917155207266
0.780863479676132 0.260720024659325
0.383372194005238 0.236776518265895
0.641475915301689 0.246415896521374
0.960707822692748 0.274454365735872
0.504658039153884 0.280380699412649
0.665379550560506 0.236275206161493
0.212833769103838 0.176606018194107
0.837521765490681 0.268203842357467
0.903934746334944 0.151874178040946
0.832511960134054 0.251884215456698
0.784204947354124 0.247202402001546
0.984119125447091 0.19225668744219
0.693448938225658 0.272112308980388
0.110364419961819 0.266709783498967
0.873943104325476 0.209946523005243
0.798464797113224 0.265185822622652
0.791451916816905 0.246693601891514
0.394065135282391 0.271290354111693
0.377788135149656 0.151455103062325
0.754502715522383 0.224877556932204
0.868853516929379 0.211536454835921
0.807258024597194 0.152058102334182
0.845255800588415 0.267534682756038
0.665394055508675 0.173707725218481
0.658147995989048 0.187884958835083
0.364670459470085 0.165350045585112
0.609352534052027 0.186164707729686
0.585094544167534 0.266391652489602
0.856558022118184 0.249965134008803
0.826543801960863 0.195379773122224
0.676267267887499 0.233100387262192
0.889788361865062 0.22632149380634
0.93708353462698 0.274192224058126
0.925220012645048 0.160939598840725
0.922744013708595 0.283266577672692
0.61464159620164 0.285441105509823
0.801601789520217 0.244858103439647
0.17707446738287 0.272926469257647
0.920995448197131 0.225287945486511
0.684392895688067 0.157624003342065
0.867274232486537 0.257841585020674
0.718925970034242 0.243521490097922
0.501867660912664 0.220625496627447
0.740741618258414 0.254405461817087
0.988337936379398 0.207212122295155
0.810076476943662 0.275700581606134
0.869361484643092 0.179348666548286
0.815534340614188 0.255709759771274
0.964022993739976 0.240412697399724
0.27658670660761 0.247663441940656
0.401954273064379 0.265281681779765
0.941480716092736 0.186322032635143
0.492952267519871 0.22786521668232
0.740682851833684 0.171519840818411
0.563886749784874 0.261288796020385
0.766509939357699 0.233871359066721
0.543676965051412 0.16979475233686
0.881297254815735 0.170649167091694
0.719356901756739 0.200245786145616
0.815278971230703 0.228903687265755
0.592383825957295 0.277464610130105
0.774557446893297 0.279761571543257
0.96345103100551 0.285163305482008
0.0882376534095662 0.175257497108569
0.898030932806582 0.258773145643489
0.427406426146394 0.149311353321563
0.453990682523734 0.201457688284808
0.777187935307286 0.153865486527108
0.855125644247057 0.210046885071018
0.699488689160869 0.209334466273646
0.702130161699152 0.150604915216657
0.568679456475098 0.267661616871701
0.641965975103379 0.158463813200618
0.281783561541053 0.231822678713122
0.777100251319778 0.159803672274417
0.434984414628338 0.259561753649534
0.746199578324183 0.22135197528398
0.940765219392424 0.251583717875339
0.644248304617908 0.276156920065016
0.928308785470055 0.206775276435153
0.639542917915706 0.18373402837327
0.779154012040739 0.273361049790799
0.523442860984433 0.239473270819229
0.899849183931294 0.147873816574565
0.899942548496127 0.15785004486499
0.771991691790434 0.196484288338725
0.926100051177553 0.163719245185844
0.940424344634426 0.234144464941718
0.678409255629431 0.256730160645528
0.834597879990314 0.229809951056338
0.823077650833946 0.174277468319572
0.781001824526719 0.276783715003094
0.107567067396741 0.238000040993944
0.859483111027809 0.197608853935847
0.463756669727494 0.205822101490381
0.349267576942956 0.241764583322015
0.667600531673903 0.182410527640805
0.786472780447444 0.183700522972106
0.92161108608819 0.284581912459972
0.69612128436059 0.272144195566803
0.59712367085706 0.145000331546111
0.805582105588842 0.260926962285017
0.747286349477426 0.19448199046325
0.537095486205959 0.264860041763198
0.777187935307286 0.143164358408477
0.131659977857222 0.163868674334065
0.673443636479081 0.26796591559392
0.914095017938322 0.224951543940382
0.67053002659676 0.217022632003226
0.418910272699135 0.156141298258078
0.778405576226482 0.231621125205708
0.952855929242232 0.273101896033271
0.819151713441236 0.144149754323799
0.916804658412099 0.171672530804914
0.754808533243834 0.193148857866097
0.916989906328867 0.237666863378493
0.926937552309603 0.26646309105082
0.934641414409546 0.153208726072322
0.77563276545811 0.237463162989922
0.975319344584401 0.212704641733192
0.871733511438274 0.252831830391389
0.93945485020113 0.267038454374957
0.888462178377014 0.23386024616591
0.0998306061177081 0.251829778209863
0.467099657752227 0.218176262929295
0.827398243306526 0.219229198455209
0.918318596376112 0.155527903467972
0.914570777778944 0.24167946130966
0.837447881008241 0.253107264644703
0.796462911063276 0.268113694212879
0.866565185234056 0.247449545701807
0.900624297888777 0.281708644432323
0.822863958415545 0.254707138522185
0.89140733345355 0.245777206100703
0.426129041490422 0.237070674577292
0.836092264853809 0.157591768635859
0.602794274585407 0.198269702502931
0.960228483559362 0.260424221804592
0.953272174029837 0.255117112989913
0.668377659076887 0.25623995295794
0.977935142573879 0.153395106914772
0.662415678533248 0.232491889753856
0.620725206755807 0.275838965303109
0.781522741664124 0.168073448519568
0.553339842839806 0.267697353397733
0.537281784444605 0.272937689672995
0.832928749079402 0.244946841502734
0.807552438461932 0.160862475892376
0.542979393920614 0.259088694473184
0.816638144553763 0.212420213182178
0.726706391385412 0.23480776147717
0.669860515366126 0.222774624484098
0.450041330562562 0.277319044067185
0.686261678269687 0.164446300746668
0.779130746268335 0.282663861810621
0.708965001705349 0.23985779689479
0.629228271968944 0.257446492219491
0.928103745036676 0.186922787716884
0.722112434402093 0.216196850250642
0.710727973512331 0.177243325388463
0.711697809815821 0.222667205856574
0.569716832823555 0.175101648653923
0.707380049612977 0.277690064337163
0.955570227237906 0.154689092330195
0.900844949038482 0.155747600343848
0.58927936116838 0.234714163214135
0.761977584801614 0.271678444383791
0.668336730076401 0.210118418608243
0.58835774345263 0.266636857993232
0.750529901190811 0.197108566218622
0.191512553044303 0.223878952750149
0.397612325889612 0.271217781012349
0.77117563433465 0.20568505743424
0.889963603744835 0.174909085712587
0.748848793205322 0.210417068425497
0.825152305213037 0.20810402236909
0.352216433156156 0.228216590431213
0.937421587648279 0.202262192779997
0.971820350745031 0.191513494057057
0.636561056581896 0.212505763157755
0.705563430167627 0.263171824535319
0.864402276451653 0.251948111480829
0.774539701951035 0.148799397613254
0.945993001857039 0.185208897312341
0.864289867669165 0.16703271732229
0.60092499343265 0.226071564398909
0.534503428278101 0.255661744468064
0.92721186529272 0.285315463433026
0.118842036700715 0.285618727421558
0.276664083931646 0.243521483232382
0.541268987225052 0.244110003238444
0.673812934498251 0.218894309709516
0.752222614069279 0.164438856450888
0.537277519680749 0.182177257954508
0.974291337549427 0.184840326556753
0.400275335104103 0.231535511789001
0.657428410855095 0.191422978069669
0.841628884742169 0.156583842209515
0.883843171156392 0.180807988028349
0.628966803573255 0.18191975261735
0.764099422857981 0.147184411150005
0.752041746450647 0.282668814535461
0.858249120578699 0.200632301439054
0.883891326929574 0.268058231619412
0.909087839198304 0.265720755867588
0.886848514946817 0.24106002223402
0.905616003030495 0.199641071965476
0.770518550664778 0.178233380679147
0.943885232921753 0.264849778226072
0.748666653287557 0.243384187913869
0.671666731959753 0.259019166103533
0.742975466993348 0.177243385455347
0.765070484289355 0.23653990479746
0.689421673895349 0.242218092654816
0.889944776421684 0.242952108184444
0.282949197586531 0.16047944057122
0.742870854081983 0.170756981083595
0.620380376185033 0.272813456698702
0.385723974200897 0.195522545603235
0.779903911424083 0.183656722871422
0.518206982430242 0.203651925991107
0.309741979983298 0.196353823579379
0.758832671803625 0.156761629197487
0.525615582746028 0.261748249595203
0.691988792061772 0.190985340472208
0.0624273106190144 0.192116746679941
0.372258143922326 0.191746202103319
0.932573262296169 0.258709482085982
0.36875349417388 0.215492002512083
0.912467226069 0.224875509451858
0.803944392609531 0.231053076042786
0.913467189994275 0.17297942181864
0.947141321515584 0.259539662090399
0.407122434643889 0.217135522658933
0.976322733318467 0.158643714698784
0.176660209409627 0.280055385281597
0.853861992399407 0.264859594013503
0.862700638297669 0.228358774556969
0.852934825279692 0.225629824184118
0.510259309486987 0.183068859035963
0.780656356967764 0.179448663362015
0.954744975779844 0.274666593277128
0.778301268628196 0.214484879431405
0.714653865316204 0.148601369182503
0.850589890686794 0.199050150856306
0.947019930912759 0.214775793152095
0.849998896784679 0.215714018734482
0.845886031490597 0.219942158498007
0.299454551597865 0.152905174369735
0.29418401804273 0.153383290798754
0.803601024283565 0.190454417207616
0.869786851478142 0.183403391023352
0.726120974544172 0.179189053405702
0.876327087125601 0.175371552284129
0.254716659926424 0.177667394310325
0.327107128059973 0.246195863824639
0.774602000800722 0.170151043120886
0.814209378647169 0.267567279258221
0.469974921176614 0.2791089794834
0.66992850876192 0.17595797772243
0.121859261740989 0.194412023271887
0.326447828642004 0.147654750825166
0.277587733100399 0.182615187469725
0.907370372751947 0.28539187018943
0.811328583877998 0.19357912531936
0.79113189331033 0.187504192240851
0.694029440839013 0.182326371129644
0.160712884101027 0.281671967813072
0.832846204132041 0.261262201982212
0.832737978739632 0.25915152139393
0.333732609734715 0.188983799805196
0.912965478934304 0.257689977442265
0.566482980154306 0.219694541077699
0.84349108812709 0.146254704672849
0.693226157467551 0.26991561918275
0.894565881415702 0.235757977414834
0.659229836638724 0.144149754323799
0.567400833115012 0.164446300746668
0.816219267754889 0.260246547666795
0.3337422320782 0.231203501956737
0.669795945857196 0.191715073827866
0.698370275006004 0.228893125016986
0.700677144154036 0.207994295993136
0.829772504455419 0.246294135039571
0.803480571217948 0.219613118382172
0.741675390988412 0.237788060958668
0.37749268728848 0.152829259910242
0.57227739878918 0.16166070419481
0.252143398621316 0.279777303706249
0.759702113324076 0.217160933148053
0.458365244509074 0.19873411482036
0.780448493403416 0.249969310035081
0.783319685146843 0.18526568254951
0.938920409153909 0.203711790750389
0.841039499664655 0.151014901534583
0.869786851478142 0.247143601510089
0.812663697419923 0.250239261858191
0.902860330231292 0.264347388193145
0.0817855018709483 0.162857218963294
0.103041263487604 0.180559783953392
0.914926198354801 0.187340912570263
0.516422079847049 0.168789180415301
0.847524224872051 0.241414347596161
0.904940397597658 0.25490563938705
0.949856488690332 0.255057948396713
0.832388490058092 0.234106902156114
0.729815773620555 0.203243309272151
0.880129040323076 0.193417384098884
0.942948641702745 0.182267341038538
0.911137473564024 0.241224147922507
0.486147197132286 0.236123924860359
0.87650273911556 0.239105884611289
0.865911128176535 0.175418865640205
0.211443129970943 0.231854380891219
0.188951468041355 0.183134199387222
0.744662515692056 0.280669501470011
0.78928022270868 0.282046623552353
0.903056273441261 0.183476380766283
0.723815238374376 0.149689675459363
0.635682960508126 0.205997266468296
0.747656113183355 0.253176036925357
0.852409589749564 0.22685417276422
0.431181041312521 0.259732788979811
0.872118145793231 0.219247193596304
0.621855781620827 0.145864733619733
0.679660177808146 0.166431132303385
0.945599594359869 0.170162737896024
0.92572848373338 0.273901105262199
0.796334073949859 0.19606229001735
0.818900284053803 0.225524320731903
0.626964779762677 0.160125842745666
0.652622531452671 0.213165338393853
0.415670686703593 0.249526234171262
0.819355868217638 0.209865641541783
0.708874270375838 0.267222139643843
0.886136613773728 0.233181314868214
0.347564338053911 0.258754204879146
0.904992555370202 0.271134129003722
0.344383006396906 0.144730181142801
0.728495189189091 0.214992714577327
0.817633293326961 0.171397657608803
0.706351132718018 0.267928388260669
0.887557124421276 0.150733045551917
0.510942565518515 0.260333663508865
0.283835719508885 0.268679817315642
0.973322388482386 0.178379035807796
0.531313757778871 0.157490854653906
0.619034955213121 0.197168027137975
0.786046492005104 0.161089994912647
0.819810937019093 0.176616228527313
0.637802817368713 0.269114487129667
0.586718581872962 0.183106037982276
0.947784330471944 0.192051307289642
0.425858714635418 0.241098744234219
0.856243496158962 0.238151047309281
0.845972798588388 0.204628237364041
0.941007782594265 0.168683891884804
0.362286236012142 0.232200087937395
0.800646864515378 0.269351733209896
0.451302820865118 0.189868783566893
0.965421765481183 0.276008207410693
0.881923154514736 0.282721555600807
0.756402221856575 0.148999222510532
0.285828100290426 0.232438894951032
0.814013691920537 0.267669602117301
0.507788988725036 0.188169937869006
0.957951032309923 0.230586271723841
0.332939673331746 0.241660669083263
0.876605149358986 0.22456536624986
0.895441221056459 0.271338379612409
0.70533056197574 0.186474123428193
0.691699219845273 0.226870238762485
0.54470049708126 0.202273457716465
0.867900357449489 0.268715543408194
0.838044260624055 0.252848867110335
0.963446447966404 0.192213935004709
0.625480362077544 0.148911417096584
0.606447447871226 0.209861319164954
0.941780351975895 0.221095952408916
0.97279545897927 0.232802964793666
0.89483234679311 0.285111526323813
0.829486889226652 0.193756914342797
0.843899484078095 0.279672811935906
0.372242292386881 0.260958524128911
0.844650050915471 0.275350518401644
0.748314615389335 0.187029622801911
0.25452567782694 0.191910022942956
0.717843609994959 0.275782299540616
0.155079714038391 0.160829336758737
0.0772818171111368 0.206753098530009
0.919462639372252 0.165820531936658
0.126342668475443 0.160087337015668
0.793120249249605 0.215297616118419
0.910516676430677 0.227424495869986
0.510270782627574 0.20287062826941
0.532500446091672 0.173838316883475
0.468694852509972 0.248510145586217
0.949606519622912 0.153370093731212
0.748129950550904 0.221606063481973
0.919431814497363 0.195598217533665
0.446675904225558 0.229749328409165
0.890173367376275 0.259241892909237
0.463947255163109 0.272971062263447
0.859016558069364 0.149011441412528
0.494768065199291 0.211496316471723
0.674831597971263 0.166246569712076
0.877069363828371 0.192852423253468
0.895898274245775 0.173393820124936
0.614216519083709 0.225679893023325
0.93217847622599 0.247719905842016
0.961682869053701 0.165647375984685
0.778301268628196 0.238876629715085
0.95033458042727 0.18152063543478
0.851598873339032 0.200590907784751
0.492798607606488 0.262977521916548
0.659816764252898 0.277471154426196
0.893751345700777 0.201623130156994
0.470254791135712 0.247178119499234
0.661457055250206 0.15083431657038
0.476728616385066 0.277518130107476
0.649792908232595 0.165676289676113
0.844134567521738 0.250065625581469
0.833326401725151 0.278033610048733
0.279187103679775 0.210573127313998
0.536151128433884 0.150280691210606
0.885555190985364 0.261802978252969
0.842086245475412 0.266108890541674
0.69499714987856 0.178248708478613
0.94340552118095 0.23977463630736
0.790554452012774 0.149695982675477
0.633396039872543 0.241464306076792
0.849797340715544 0.236433492240745
0.195438806160004 0.201882568461195
0.922114944003634 0.174909085712587
0.556555504921858 0.151071643297312
0.51613700381845 0.19253848573351
0.923095807049258 0.159608111146283
0.794002931538514 0.266457250373383
0.467582602636057 0.18403973909413
0.405386448076983 0.177519776038087
0.84216662858209 0.179989821564497
0.963987061224097 0.282219225128458
0.31328183776633 0.22902446333347
0.694405779967368 0.195260742859035
0.9589022940508 0.239165770613632
0.881127002261489 0.179989821564497
0.590943831851155 0.280604807326092
0.801790521035307 0.269263351330236
0.898275766398155 0.265769347372858
0.750798849800323 0.154764740109816
0.756402221856575 0.243982341557733
0.854655214606118 0.284960335878906
0.80820223175949 0.155661547713961
0.874579450918592 0.235812956758347
0.735286351009716 0.21328178190197
0.682767578996246 0.158782344957967
0.192439708899423 0.248108005979301
0.738657607094131 0.231937756418912
0.721625640853177 0.261556232455249
0.790846717099925 0.185835212997856
0.842541803416444 0.20289677721515
0.66581923355448 0.16703271732229
0.935233235826549 0.255208329135794
0.671209506213761 0.213910442675446
0.677638808036442 0.20678583284968
0.532448317908476 0.22839655231622
0.834870670591348 0.144150342253058
0.610529056027578 0.166772777665143
0.730922087574153 0.244124827177224
0.748497811313596 0.170607390635742
0.95931409423757 0.270988515201371
0.879801583826044 0.236791092905212
0.898482879222758 0.158514679009615
0.885713075636655 0.269527561078303
0.948637454954688 0.191662247431356
0.628567001904506 0.265759986937345
0.945841720002307 0.282244793967305
0.8725490062881 0.168902875058133
0.739158069208231 0.144798150155799
0.920876665090522 0.144864650315185
0.785307855242377 0.208891863654538
0.976733338424607 0.214988932620574
0.496639998942421 0.152625871157453
0.859684070640366 0.281891382914121
0.945306168616227 0.16047944057122
0.882050531551508 0.20662266717373
0.765416505283408 0.237809838693731
0.495718494906418 0.280297132268952
0.733240614554285 0.178801248627208
0.913035998686662 0.227584659579654
0.933864229897816 0.247206197389651
0.929842420598549 0.177981569839648
0.94534387846649 0.156136782410971
0.784122258691443 0.192109709455052
0.56916392812189 0.235297358577646
0.773483976842066 0.151952988668717
0.613474531509897 0.150656144848782
0.653706647081934 0.272312926136284
0.945756447292913 0.210878761767853
0.937273876833489 0.150740734813256
0.832655502185877 0.166603936116986
0.73204277662531 0.269508206568466
0.808710333879322 0.180371112625994
0.959859914216459 0.208152219835415
0.656254686217724 0.210992492752522
0.808287361913599 0.273302527154324
0.468595462938065 0.285314250685816
0.964617057518383 0.218676838498099
0.944444510245207 0.157352454592041
0.942712811795814 0.215154910046345
0.905019931552871 0.268612525254661
0.85854480647312 0.274869924378259
0.929215182806192 0.261197018340632
0.515437154466403 0.186043500375935
0.786100041371878 0.220520291420771
0.895296817060049 0.227826680238259
0.385133165689385 0.253334805680074
0.392715445440286 0.201222636359895
0.610399374633033 0.264317873255417
0.60813518048445 0.218617259534937
0.352844464927778 0.227214621910526
0.291623897097913 0.224274126952734
0.181296566284906 0.161913125677566
0.942175282201133 0.254112563893867
0.577333334852167 0.229267930742871
0.751818241700785 0.197447413657919
0.625166364892653 0.210659393293345
0.655341468303981 0.210253083920389
0.464176112720139 0.225680197844265
0.801949958631783 0.192973371243554
0.82545266765888 0.244346277920623
0.546378997448 0.258625829753639
0.840285393589769 0.211305150431459
0.618009804165741 0.260911442053734
0.76610584247659 0.235484289962471
0.480578571245146 0.224918444480633
0.788585952783328 0.189291978108986
0.908692307643291 0.269263351330236
0.714063396931517 0.197012994892754
0.97480653065882 0.254105398519193
0.813059758760595 0.155878010626806
0.770518550664778 0.230068998097391
0.887674231034633 0.258709482085982
0.657560822206779 0.174153396197843
0.869855313332799 0.280247639199567
0.965047931015872 0.212474316422751
0.472344964332647 0.179756212078201
0.898835599259618 0.208457789821614
0.607370318762985 0.272996678387657
0.915213901411229 0.22171791386587
0.670878404213502 0.186256616844622
0.940625560692751 0.206597508367748
0.852934825279692 0.190322303708224
0.880651902392885 0.277378792087672
0.397958916466135 0.17532461334
0.802844341767056 0.276017354918998
0.962974773383167 0.273608503579164
0.524873685979453 0.283584473180099
0.807332364301464 0.277790487312293
0.785750039891689 0.196350774697281
0.745028172047139 0.172441264688186
0.794929984167935 0.270312796768184
0.604603481108235 0.242009595212976
0.852422857503406 0.183776395243249
0.59676655905567 0.22178107406833
0.327427254007212 0.204258277914335
0.876360323070969 0.225806718127186
0.777551406259174 0.27871527459071
0.563252994923723 0.23963590340321
0.730371027915533 0.216276766938682
0.821949590813004 0.167586584888173
0.461889131173702 0.231729335978866
0.585277857084534 0.280878232967726
0.916478934695521 0.191924761390769
0.770518550664778 0.257765576113031
0.653866581793497 0.278757283536164
0.668596906210639 0.235725965795208
0.824785939118191 0.146262066737986
0.657862349481742 0.251587354827579
0.579756771372552 0.213557233687031
0.840680160052886 0.216145433697529
0.835796758698812 0.264237636275208
0.883183927234587 0.20438418837015
0.929637102821446 0.210698542826181
0.798574726263483 0.194077724096337
0.812759321684822 0.181055458239797
0.839622933112938 0.242707901925059
0.781279388675635 0.165934771221017
0.844540796984157 0.168795717426224
0.684338027527088 0.247114056928117
0.700297507054133 0.17903750027871
0.722809457911871 0.215916083747525
0.864060796518023 0.201019424412321
0.965896720261032 0.176221285608926
0.965901198502087 0.205767358228856
0.612598348902074 0.239361985967005
0.843057395077655 0.185502977549553
0.837363778067454 0.176875169706803
0.244954587431221 0.149444630809386
0.360339781722907 0.216384017811545
0.230748313375864 0.22483224057869
0.251326045631667 0.154905923852382
0.675937411403703 0.200364421335777
0.821458110886614 0.211023389796008
0.92393751451693 0.257853860365583
0.160178276596552 0.276142958073409
0.821129412174543 0.256902512412073
0.819504410346209 0.248668807601847
0.852428989526425 0.265177155928817
0.933612833083487 0.277511525736978
0.746641851853413 0.257974921846647
0.624788851316176 0.171897695101178
0.718286241027204 0.22426301418116
0.965303470475464 0.153991358366172
0.835049700954062 0.206930378866783
0.978832521208251 0.283300755501827
0.725378302135474 0.265888053384487
0.797964052160474 0.236469940212534
0.872052519340786 0.218110336836252
0.94344325757287 0.251973324278113
0.832628048373197 0.187109398801587
0.672496336724979 0.214037191629183
0.896619544540249 0.225748411394443
0.303406344664996 0.149499302111524
0.885173149320548 0.269227217893392
0.889771687326537 0.264056875953531
0.892530785581782 0.156517933981777
0.680964121712405 0.281450720633969
0.842965062880501 0.277896476425464
0.681684921227392 0.237779245553332
0.513071354449707 0.1763845012369
0.842502950399619 0.208625333290726
0.405199449351916 0.218435070474847
0.255286101919377 0.197476348448932
0.773774087483852 0.278878424505398
0.700677144154036 0.191720847056827
0.754848450843247 0.277131773684527
0.708265850896676 0.181919168331888
0.793297559840978 0.145240639413914
0.878287248401494 0.191051039259681
0.867564399677813 0.23980163770476
0.752764900322581 0.257693604195746
0.60887197702238 0.208808418208155
0.64639607742892 0.186678225360895
0.861702546496658 0.182753556635161
0.868606195796338 0.161084358453845
0.676614188970625 0.147135720692214
0.834310734617313 0.153945126438811
0.892646755437749 0.149467108749023
0.849866936068939 0.187623179465909
0.275164594965983 0.269992432266827
0.895295988755577 0.353264687387289
0.221464139976265 0.30126217575812
0.913658694284963 0.303364850240203
0.765147726087431 0.358682710251848
0.926102385606278 0.395973482850904
0.948655533153324 0.328558143778692
0.104861546845582 0.373880696938007
0.904338545960209 0.287259974983234
0.95873945378181 0.31940096127415
0.652946654037594 0.428102620899144
0.690968602966078 0.410921725459365
0.886836913906356 0.296049756389885
0.759455250938442 0.371085222947352
0.836992016673706 0.367053107967465
0.814592531241131 0.392005319773259
0.536173417120892 0.373880696938007
0.403819953090925 0.307748149524166
0.689790090942073 0.376342393198886
0.918013567371471 0.376845063020046
0.852283076323029 0.285756604386255
0.25114104337884 0.306545241654745
0.911037017076727 0.417043744099694
0.910092373962685 0.370597896908512
0.846890933765856 0.345018165993238
0.893658471973049 0.333391701752177
0.959048473715628 0.372863781500237
0.767113220968808 0.298695132326983
0.922989515266011 0.306546106906499
0.843032221790446 0.322097875862162
0.778180129035491 0.364973055991726
0.535485984999609 0.298427639651209
0.797080772558861 0.304289680051465
0.505621608921429 0.304639875231967
0.651086649024973 0.339696495594511
0.552831451431712 0.407184878216485
0.783403935821044 0.330654562205493
0.715039309114596 0.412718251024461
0.723593142803748 0.329779402373471
0.776820582617116 0.409898046452662
0.855033531155763 0.404870581083436
0.6950986959008 0.351292478622581
0.868604854439744 0.297082041477635
0.91832432114064 0.398257288337659
0.941196756923563 0.300086188026874
0.460632499131181 0.319369401549713
0.718948939245445 0.365797849959969
0.883620454303591 0.326641371903655
0.6843948493456 0.409627973263477
0.847531059408895 0.308362090079314
0.892287602966752 0.301663754493498
0.416089497343747 0.409221985437977
0.75553452122135 0.370599838806502
0.354715715786506 0.403638688137932
0.92978014379782 0.303002938884328
0.639993291187241 0.373388379189108
0.920067905033876 0.314465509472677
0.921767102412639 0.296506867695117
0.949267199741914 0.3928972105473
0.731749160023449 0.358172107187695
0.912979164171881 0.288970030504989
0.914439151459336 0.29967647080868
0.680163056937383 0.311113465775297
0.211152499549907 0.35771030683294
0.544329379218873 0.313261745854043
0.937950073534329 0.343280010650108
0.601423214049662 0.362362423950311
0.831369402780363 0.409636850332717
0.982943723102448 0.300598418016133
0.896381145227923 0.307686012784034
0.845497008395624 0.324828799036322
0.180969955643844 0.315346020532524
0.817076767913119 0.382520846835697
0.532906414431997 0.396299084081821
0.963235151154382 0.328930530011303
0.486719543310541 0.410999758185564
0.114280841199454 0.401574156117362
0.838013654830636 0.40287616141689
0.943773850606777 0.409638892936117
0.447257844035283 0.417482823677585
0.814167168052593 0.317879972395663
0.268688724027475 0.42202596122918
0.844120672528033 0.402806789163671
0.39981865968197 0.33910372019603
0.525867238069561 0.35084407500471
0.93739029313267 0.421883040355166
0.371902366966636 0.428368759724229
0.651557831664818 0.296424390956672
0.805511531870867 0.352833053039092
0.976881351850075 0.360764208523091
0.489904422665478 0.328261644558997
0.12227774506083 0.321248274320841
0.689276376251245 0.342519132424935
0.896981707933275 0.355296390078394
0.965419663591087 0.31674404208888
0.676603098337539 0.352268896227136
0.394844039161404 0.306857264048152
0.31025625392019 0.337570789930839
0.949563756611394 0.388692939867183
0.885978244234823 0.423198864893068
0.500943521852463 0.427162759686656
0.527547394834645 0.348714806919392
0.918998374981459 0.404246989781021
0.809848024317634 0.37266042727488
0.886282603342819 0.334803375995514
0.772416503225854 0.30110416722416
0.675935596740942 0.377543652164489
0.743750101788102 0.400058967861821
0.868122713930149 0.397381188235784
0.472988990288228 0.310913354116936
0.290512112169362 0.415841589928076
0.827728400420881 0.353670500862182
0.708230060270988 0.418910126810745
0.795391307539775 0.378194277286029
0.867364699516127 0.366174341859597
0.760124674316144 0.376569552389092
0.774916341661048 0.371265660780851
0.454732990398644 0.409831725318039
0.949820725435724 0.373191546500523
0.861234347028675 0.343746674090186
0.864387767471548 0.408240286091756
0.691798698466657 0.380009469732073
0.865022632955448 0.401370661772326
0.825260459209929 0.326654666769386
0.120826618017619 0.3768666554366
0.860708842366399 0.318608033724935
0.955345984606375 0.348358693879031
0.674594069842284 0.413884057628371
0.263983019335552 0.402925665132634
0.820150035233943 0.399396347717118
0.90109080554251 0.377756376006767
0.580900403048956 0.299956031606298
0.830982175957098 0.341336586072317
0.640628218340283 0.291564322959324
0.672958324795274 0.360548656257446
0.79866144991427 0.355416554588131
0.959094493735332 0.397113825182116
0.242990561876958 0.412039939611488
0.856489204579423 0.390902317977661
0.58630587586616 0.309246757890651
0.57697234538724 0.312728469395303
0.587715267313682 0.382659124550698
0.857570219546794 0.290270977311921
0.898116506525261 0.369977737392725
0.21183125041219 0.375891097161206
0.968584996060766 0.336070006348182
0.367097278745856 0.419247470647285
0.085107186808958 0.370599396427948
0.862997938328641 0.326497645553544
0.460409469929335 0.3053545518279
0.616175070446126 0.338521203942284
0.6843948493456 0.33711717483198
0.897277603631747 0.38331732514766
0.949276511457911 0.414984103315412
0.65805132629421 0.385180453315908
0.770674929574048 0.333694222915078
0.625752224818003 0.298325410977728
0.463234155608772 0.419571551996109
0.868678469531615 0.412869002312838
0.234670629229077 0.400561436042628
0.692233372905662 0.331915612534766
0.974322966764047 0.403622866744183
0.82837566786369 0.361478798154496
0.640482941034658 0.404578158989763
0.221395882027373 0.335220083179337
0.396873748826162 0.347673221962523
0.265729161086164 0.426917649739382
0.190826419005828 0.316730756817545
0.513382406333524 0.369019507617923
0.324153204205226 0.404735117648209
0.818449085930218 0.311339395774474
0.740301902008305 0.288851079063835
0.956540178727087 0.344606243029983
0.827621983736626 0.379764005396601
0.877732306712932 0.410408238398071
0.684804128200059 0.39838828737423
0.94815596069634 0.354089741757701
0.962152675676297 0.289091047685683
0.681929303338087 0.341069723988559
0.970572896052176 0.313032577980666
0.936235155533142 0.345728705117272
0.85316848423213 0.346221377551354
0.948414127174573 0.371491525476049
0.976757377485945 0.386755358930421
0.49895749432758 0.327871778822444
0.865060342189002 0.372159977480695
0.863582131361425 0.35771030683294
0.971758530363776 0.373981378327011
0.890856008376729 0.422087080174974
0.845534463267574 0.388952778531875
0.679551145506826 0.339645876101096
0.467975928190297 0.295375807031808
0.857328026706125 0.297179275410212
0.93275395296619 0.302637854029411
0.789763205473755 0.294888949505036
0.76189979055637 0.39318423354022
0.929011373594295 0.392862175459935
0.815086030950739 0.358365789405347
0.969725262885966 0.291857095407311
0.966088995190097 0.320238421954833
0.250747132768185 0.337277387377842
0.736309950704947 0.330262270136241
0.878107971760149 0.360671136057084
0.917021342143855 0.396740269470356
0.603264471402228 0.294885018336356
0.661320952112182 0.305513324181463
0.625066099311403 0.33407271504394
0.786490484096339 0.409253755184747
0.58590220804188 0.360541805903336
0.779540260590907 0.377562169306719
0.835430802041318 0.402387597185021
0.463342411386207 0.374490672867884
0.779384867623983 0.296410367933226
0.670713303306435 0.347214044106544
0.771679963916824 0.307792342399637
0.924286583659502 0.33117946596531
0.8112030155261 0.328138854073152
0.47387962557394 0.329733791733067
0.960520246583377 0.336808031311276
0.45629246570516 0.417252701310597
0.4623796462695 0.42467812731038
0.990655414755075 0.355384519199816
0.508904473700524 0.383071289747301
0.79655500837209 0.398779353272137
0.554648844424972 0.295831763346505
0.781031751166258 0.396821139704164
0.95572660016214 0.415602602468446
0.482556949659902 0.288167357925059
0.78117013686084 0.335413509701363
0.938209136180374 0.324752128055918
0.81134478193967 0.365008147659824
0.676829838341987 0.399416869377481
0.523801208729663 0.377507558388643
0.947182108512559 0.373021071367779
0.56370912969346 0.346319659739597
0.955981111836716 0.299046068249682
0.946055291048334 0.375848672920422
0.55934190304602 0.29730992934825
0.889213225640171 0.391789411420408
0.635213543076517 0.378449216878475
0.311475309989175 0.296919478691413
0.969719114795267 0.29253670719865
0.678308345690447 0.323481362758777
0.940524263276683 0.376449565771583
0.49736374712369 0.393295057224896
0.904130376477086 0.37201367510926
0.851027663718084 0.395701152017419
0.692311286536503 0.331311213627881
0.979375771182504 0.346725945901873
0.705834354359951 0.411072578077153
0.805131402532643 0.358152260949025
0.271429361072815 0.425430931592222
0.853068394345251 0.339535581043917
0.533613444626412 0.360570289235967
0.908339870280684 0.421260788242562
0.772168309136816 0.414543657733714
0.573302045879748 0.418712670926816
0.776656036480595 0.378424843709025
0.906939541851361 0.368284329361987
0.763274301540751 0.411842812659414
0.638781270571195 0.420072118289533
0.963699746947984 0.374369701463371
0.946691639451789 0.349706126244046
0.860026793253445 0.37947347331908
0.625920095258699 0.308549013238697
0.463972342679059 0.311850510928499
0.977674688019307 0.297047975858821
0.250834464237117 0.34839527278382
0.564738500413899 0.297691484607818
0.721768757486255 0.39488442788543
0.806440244130419 0.346959251923976
0.0890068206729568 0.309686604679053
0.939833637394332 0.356995889176062
0.953880247944268 0.407328046440051
0.483480019642175 0.31940096127415
0.901705604124637 0.340497902348541
0.878239634507878 0.315507379308975
0.56924283655444 0.289793629281851
0.982973883438209 0.410723310968132
0.941293210027112 0.348182904683712
0.452061864498329 0.406730795315167
0.215141521399975 0.400476447456235
0.556671872805471 0.32233025381815
0.774461663107601 0.378119260130707
0.550886796283895 0.409394496724131
0.930780554733521 0.343775872898222
0.55081152268384 0.352461504315022
0.427233653431035 0.293595304038813
0.545378794568718 0.342875726639339
0.932100219902516 0.32316559276849
0.402109298833054 0.41508399803226
0.739473321399245 0.325704093267041
0.663266647772201 0.317782055561512
0.63542283031994 0.400949802978913
0.976929795223179 0.407577354807362
0.717970706871843 0.391531369344983
0.379893275148342 0.398721716391712
0.647008866824202 0.323344097767441
0.479905062125083 0.319923057431244
0.832293121193013 0.399652647040949
0.984215539990008 0.338026374992372
0.883920849005394 0.40141031200892
0.923255105126953 0.427639483252613
0.66095122302789 0.380491676990435
0.807762282253084 0.401695101665054
0.614143852150113 0.318302316230998
0.896803010170758 0.298709833000945
0.919067353160114 0.421828843809913
0.86750181463242 0.425694353116937
0.958945568695037 0.296818970316858
0.761322817845594 0.335671839285415
0.943449334536752 0.333357852484108
0.868967431427979 0.365493221279966
0.892163389142732 0.41977299876307
0.870296621578466 0.348801692965079
0.66214208018218 0.425650871866039
0.231018900585034 0.422192152869334
0.459044132961809 0.340438432576551
0.932945217346704 0.311203075855469
0.798084539079014 0.326097053309131
0.474422432447726 0.293852656078749
0.480761466167497 0.34066366000176
0.480757183913525 0.326735689020121
0.338278320669351 0.333106446998346
0.911040980384716 0.297714806011363
0.27657479569342 0.354715933429418
0.488104010844229 0.4021570013843
0.924559083854844 0.383804415718859
0.933402740345088 0.389757127796375
0.918763977624387 0.364249101717144
0.904927997036479 0.415111465589401
0.824218742480784 0.375808537671242
0.859697114019775 0.346902215725186
0.868585280466287 0.389474064352528
0.904829031704338 0.306175095478396
0.46555978772316 0.296926298625656
0.850586939464128 0.342276929797761
0.901182909664752 0.394760136917299
0.431069349870046 0.359544508638114
0.949569708476144 0.335743443833656
0.92515973316393 0.377320307466521
0.66359425735503 0.413412988896472
0.768673465850695 0.31396519938459
0.780455412128566 0.350605199342705
0.134196551631847 0.300792628274765
0.719277222658418 0.307331502616998
0.379606129640589 0.324208875907471
0.934286861881093 0.369375445208149
0.911814977158381 0.412493571820465
0.745945402262357 0.338054405424531
0.961057241195807 0.403826280341068
0.904019838378773 0.293113026086988
0.657903239399049 0.4062538409539
0.596419407218032 0.360208247781557
0.541122017910197 0.406642670282465
0.788945999397033 0.332187800423581
0.952425418562084 0.399849273318894
0.923423826330487 0.302417889694714
0.898346315298113 0.380767099138182
0.682718186307888 0.356726837801214
0.33111919266192 0.398574797688817
0.913886777801275 0.391789411420408
0.296628675001997 0.31538919415396
0.622660546661803 0.358557454654007
0.310011959078224 0.30474205975764
0.294152964782454 0.375466427252384
0.77563979231448 0.33198868051625
0.679644881949143 0.406672355553355
0.784194518672598 0.365946763804312
0.911075659202208 0.378356997049256
0.871305193955917 0.320439129819003
0.87151987851122 0.307495626993013
0.904076259264788 0.311751082983621
0.979487002972817 0.377092436721371
0.788123968526222 0.343334552937168
0.614944177444809 0.344288749399025
0.937347307693879 0.333477887314112
0.822922430283063 0.290392902272803
0.901570664386463 0.421883040355166
0.909935600951532 0.348634159194997
0.810682501503962 0.306455821863013
0.547488233373978 0.386104023933749
0.595573091043382 0.313435566053927
0.888162431773135 0.310662902985017
0.738850341026478 0.36443113284453
0.438591437609658 0.287201602197992
0.842538745173845 0.296723843881301
0.591863343512619 0.321798364010193
0.942643013298357 0.314715995701269
0.617156668008293 0.358835998492664
0.734275056997273 0.319270598626908
0.903223466798146 0.404586760042714
0.489245696051609 0.346716360347555
0.613203653412515 0.427505812500425
0.909259598417771 0.351667471599423
0.780412209212688 0.313435838334275
0.612538282406407 0.303396816629934
0.945721432711733 0.292996247351429
0.894660406343518 0.418597831218868
0.662080985794289 0.341215293352326
0.740975377698453 0.380883461931463
0.971179508933715 0.309695028651624
0.953933094768842 0.345859977089044
0.50753181801961 0.382223981547807
0.882118322464834 0.301683967917583
0.850159809980129 0.310551604576702
0.310229316158955 0.31826425417728
0.789758148259998 0.294347617076008
0.268793663766067 0.288380800492938
0.923791234209292 0.322186197606307
0.257977010690732 0.427111091422546
0.915633863801628 0.376712532751918
0.946600434646945 0.353709875886392
0.74163851310707 0.339065729681034
0.787570657513254 0.325964746113278
0.14427887273984 0.365448147147598
0.557096408448594 0.352766412337027
0.976753659649296 0.421587519500828
0.77781660556937 0.336517599168586
0.810785852870227 0.304775955659234
0.609899231272896 0.333699848872274
0.373339782177032 0.385992008163382
0.867869282299379 0.359393785925005
0.908583174142744 0.318433104426358
0.234300629992283 0.319248076768834
0.232083176907848 0.358284819391621
0.931414198932865 0.370325526765046
0.473074328249911 0.342523176154757
0.71403776705948 0.319717414837059
0.715046442913442 0.418321364463366
0.415434149346894 0.29926476896112
0.867629370114253 0.303082320141739
0.760000442326818 0.289009990233039
0.905667364919336 0.422675598174529
0.432148650328699 0.372887651993368
0.855456478907128 0.327599895553691
0.808654019026283 0.287014561087592
0.910385430157786 0.286724537324376
0.827728400420881 0.330603729915158
0.564657819764898 0.361579020658349
0.949840266650936 0.3256116685187
0.47916866047516 0.406383301845677
0.981405723739697 0.352808258403211
0.417714995090878 0.394749463421348
0.438199333149538 0.337819863684691
0.698756600979343 0.378922429951095
0.49051260192106 0.300601575207832
0.703573799401242 0.40957377478136
0.60496370752036 0.297752462536746
0.738883255901751 0.291592248466028
0.797963446350257 0.28876956154899
0.737761459268143 0.395382044236524
0.982274004504289 0.349490065948075
0.925175867658118 0.387318588519583
0.645312654558777 0.291431744031511
0.824763254022906 0.401983545597012
0.896713909322181 0.406871140516148
0.688895669763314 0.359244829619621
0.960189482042143 0.308745480200635
0.411210222211209 0.38152433083081
0.80356335656305 0.309518560482241
0.923691417085715 0.318933075031333
0.770603252138391 0.3458631395098
0.357590463065925 0.382263640913923
0.96451306134664 0.423914395098854
0.76758237501233 0.341881549430193
0.863582131361425 0.31503683531395
0.85516703588936 0.332831535308445
0.676191283726024 0.290800080315015
0.953665416530152 0.38285605105831
0.816314869581591 0.399849273318894
0.93814883521246 0.329315202622859
0.776140474705956 0.403103013086927
0.888859689349487 0.423914474454926
0.98167539225956 0.369914555365315
0.728558560958669 0.342674538979895
0.589203504629124 0.418558160733049
0.971384476784229 0.411021731135982
0.935962764465477 0.327817884211343
0.253166922459165 0.396076364926917
0.602254308238197 0.424320837410478
0.233761333931307 0.316748415414299
0.962744419232408 0.416169251493436
0.455408220017527 0.352792182681157
0.124045877511356 0.422311355580726
0.4261492426917 0.409279766663323
0.238561647500923 0.320783100432136
0.786490484096339 0.301026824525254
0.814162008389458 0.39312046614864
0.959053813106121 0.425924227778352
0.687371952560605 0.344443799291432
0.889521180313954 0.311545333161968
0.979633282686969 0.402610992725602
0.415870489715371 0.400622206954781
0.345943073030983 0.341914933227175
0.838511813649255 0.419571551996109
0.398730016092017 0.340620028082013
0.790103450698359 0.350023074127188
0.586508371725541 0.366967511015311
0.771356661845201 0.416850770372357
0.947072538773321 0.293825959668361
0.242760644082746 0.364294413634671
0.503340002920386 0.393869824623872
0.900089666862229 0.380880446418373
0.853961133968603 0.415114071115649
0.64934614030617 0.301958652148131
0.97479182714232 0.297688672669791
0.696896127483348 0.31674404208888
0.0947307781686744 0.367053194493672
0.953821754099026 0.291610295754806
0.747553943736121 0.291555878375961
0.650485795523238 0.341829480985408
0.683488782788059 0.38202802713594
0.529001008131939 0.361720981756766
0.95915156049362 0.353770069798342
0.594003936629376 0.388175750159326
0.425439674826342 0.398733529944129
0.917905112372976 0.29597806947658
0.308586139073961 0.376559354691862
0.650284825471819 0.315541275081656
0.624386554531797 0.418562240515832
0.529025827414927 0.298179245602441
0.59342720427639 0.332435590643178
0.786178849116601 0.317879972395663
0.921560361188375 0.298345564887937
0.823063429848789 0.360788387512406
0.390532312849131 0.417482823677585
0.86553362744124 0.335243249529868
0.227977538193671 0.354705055106911
0.889240449159137 0.334114098488865
0.643269022727503 0.37693394189179
0.924917006353462 0.309003491706374
0.951507334150314 0.372438781371138
0.736364958938345 0.387254749298544
0.882983852395774 0.33927944072464
0.878239910769881 0.358395203721121
0.867555530359247 0.377710420121984
0.86237411611161 0.317564784054144
0.819134259549467 0.395366371375626
0.903995931153343 0.416192726821952
0.752643070575879 0.382682766392492
0.678096462697864 0.399161760834453
0.673612126872286 0.363146062515665
0.948242483224141 0.375534685578725
0.942361325857134 0.403490905439107
0.881783721933394 0.374375533947021
0.714221297306433 0.342689788774449
0.968989021099203 0.384607815087405
0.649083874386773 0.382205525738459
0.692383218889327 0.287272661158593
0.778736202591147 0.303088996765148
0.688318763741612 0.348072470776811
0.971085812684297 0.337923218943164
0.259397571136177 0.350499296105185
0.858595579770053 0.32821099676884
0.390709913725262 0.338478015395565
0.865957106475999 0.350202067183864
0.636729065797393 0.409376922828521
0.862538459145778 0.339159781793694
0.919847962688207 0.400431955075207
0.34116485219041 0.337585590955107
0.341432288396385 0.401663274055015
0.144130544349088 0.370615116406637
0.991679713034896 0.324204176739356
0.237861601669295 0.288213872876715
0.360328098871124 0.344855209137922
0.537296646092965 0.393492608239218
0.87565123019053 0.406895119994022
0.523050210638667 0.418731392119524
0.877485418449647 0.329899666572379
0.878732216019037 0.382554748574436
0.57489145137835 0.341211779451667
0.523009359680209 0.323505358069582
0.610991085560174 0.406889704310103
0.603619750267453 0.32087054233746
0.794857377591663 0.352980968597852
0.593105639852184 0.322690643071313
0.78505546683485 0.388891812821321
0.100053145668086 0.331476727812558
0.771193366086092 0.42669474642083
0.614287118313846 0.393719048214654
0.83313551455429 0.311297776385168
0.380035740520623 0.290076770637826
0.946326684362849 0.382089644347642
0.295815285891248 0.350110345561954
0.877617084591252 0.361897737764226
0.430329749638785 0.401221318753755
0.752184141728212 0.401841319268447
0.832529457711999 0.337599851956507
0.689623312535759 0.412250575038386
0.258945753170284 0.354552517238255
0.551389433510311 0.402280975774068
0.293361220833724 0.375616202877356
0.744923471330832 0.351667471599423
0.904855227723814 0.41295569897777
0.959048473715628 0.352207468481452
0.550872796152763 0.295351681562931
0.808644991172879 0.360347465156259
0.913794200782262 0.394433067014312
0.675520093278896 0.296625495680945
0.532176753792264 0.354213124219962
0.593235082772877 0.386001259613719
0.715384439375016 0.308733057907392
0.721491650184176 0.343712956264043
0.759932351762819 0.296646778902023
0.719590493931723 0.388379508714348
0.629847735568685 0.370761168788909
0.403847607949661 0.30331610228577
0.830509110356523 0.300008253929065
0.942880820203159 0.363460160418287
0.424049801736641 0.352412761887156
0.923529565448814 0.297246968931425
0.565256164427004 0.391011220397786
0.966908449817985 0.412312052476108
0.780868096671976 0.296178656420915
0.987442832660081 0.328010756645271
0.247279515703367 0.371513261260858
0.581595453701616 0.317327820402982
0.8875017688867 0.351660884258509
0.904270716528332 0.344443799291432
0.892668456434994 0.315221603218601
0.845111899443753 0.34707985180844
0.875574650044176 0.353500184481012
0.89214392975954 0.343633433209703
0.842253739916015 0.347970544073734
0.44334002270997 0.390743384323261
0.86756105135604 0.425658377280364
0.451642004219567 0.428530886020947
0.829996840314246 0.394932591206202
0.413880843081864 0.333782644261186
0.960400006478742 0.31735902889352
0.551049864505553 0.423071269844809
0.819519515421719 0.348080667701547
0.347634663095067 0.337884105094524
0.899822823606565 0.297973010813222
0.773783585050809 0.311764780408652
0.775699270124942 0.349294061073569
0.729481426566633 0.400128345069736
0.352163547256161 0.309033573862601
0.835654950998656 0.312764704591297
0.760841843752958 0.318384235376032
0.806400830014421 0.293649959147205
0.928628168881327 0.367099933626228
0.892569904977961 0.356275747593081
0.874801252009482 0.526587011143141
0.939873270919281 0.462451971684669
0.573052736966483 0.439193248204182
0.640136553535947 0.496429509890159
0.881329566820491 0.569617880946984
0.773017097865396 0.490893950314266
0.837419597627754 0.509740963415447
0.673935543498826 0.462615786849823
0.522811446015701 0.56003397783349
0.810698329376502 0.50463814645583
0.507302407619043 0.486416712711992
0.8916652831667 0.510107143244163
0.894659387790833 0.53456894914757
0.493148229881114 0.481998578607267
0.76097988583207 0.552082499695495
0.558735552858743 0.561887181236596
0.882672746894837 0.549965259061338
0.0811913720025364 0.450793247790607
0.662769364709077 0.476906527102629
0.868004430545179 0.512069508392669
0.555875778684947 0.50218421115781
0.822091185070455 0.492807734747626
0.379545489173194 0.486321257289321
0.942201671423122 0.477632684136292
0.764170703636044 0.454487452189926
0.297947175348991 0.543061319273761
0.490753638313348 0.435842544975904
0.790058501512991 0.47151196711926
0.429736044389644 0.54314871625683
0.89496555529836 0.458543344533364
0.765656762231368 0.428865993060178
0.915012031507282 0.48491501380066
0.768055561801279 0.440203528688801
0.543645532351439 0.445525691584427
0.309565854483622 0.49272155825264
0.720289824992662 0.482863061380074
0.546490008075146 0.501079540218586
0.478039093620336 0.491476913194578
0.577988317722667 0.499131907473292
0.938079816750696 0.503072939075384
0.662932369410097 0.448512203355322
0.515418419751303 0.477391684347876
0.760453615317607 0.482586234787323
0.880251347900054 0.561849319179785
0.167328829692171 0.529885982513264
0.810970876519521 0.515350294115004
0.43268382724244 0.56661278347542
0.772337811220309 0.480285967158714
0.752507504362793 0.554978942854337
0.729588629327986 0.489825932886536
0.382922014420808 0.439172203111275
0.758693737254454 0.518564152094147
0.699862872349634 0.468610524331241
0.913425162535642 0.512891864559657
0.1351493851738 0.49259652672504
0.135752208441406 0.48612153574714
0.755868063405795 0.52879255518202
0.957344829041826 0.511061825985679
0.547274063617489 0.56797415198261
0.652606588151955 0.459034965855531
0.701261501368464 0.477988573280106
0.687255977064773 0.510765321725396
0.823166323715194 0.523438822997554
0.24619524883144 0.480574812608855
0.980198268433701 0.467492383057959
0.459599099459794 0.530414411194761
0.939238451079383 0.439421378641072
0.96051554651591 0.510891122123843
0.873459184758699 0.522626750119485
0.680816427143201 0.451848222587393
0.195142121416679 0.516199618101871
0.917723305930939 0.553938328881899
0.862437656118719 0.472481694876622
0.543378220404226 0.521751551101268
0.915475167195595 0.505638190841864
0.80419814361464 0.442771289086479
0.444497982017558 0.477988573280106
0.896855398411105 0.472453923961979
0.340145737832598 0.521589372002182
0.67536226124261 0.446028690330445
0.194990791076356 0.470945383741672
0.877175281972692 0.435207834793601
0.581297253036977 0.472473917518936
0.806787759823341 0.437111513153696
0.808578680854912 0.561132942258962
0.899358462289717 0.45824588521513
0.508911403694437 0.489560633865099
0.125036274919134 0.434963990962166
0.961693498232426 0.522094112680828
0.729943869232805 0.457279402261939
0.743458189149085 0.552627407930213
0.935070307711612 0.450639716099634
0.790273576363933 0.44767340729692
0.583581518381356 0.454452629980116
0.799632506934804 0.501943587345593
0.591133330228044 0.475783954411947
0.819315307610193 0.533045480755296
0.643275577424599 0.531874141398864
0.519567729643226 0.482285340231346
0.861329974065138 0.528325304105917
0.960843353678216 0.463599715444636
0.391972169244799 0.489303868366995
0.744920043576437 0.439343299989483
0.308879475249254 0.489743624306898
0.876589052889188 0.446150976160209
0.434658024437801 0.544487933071138
0.926388326713929 0.531063194466348
0.445406263442529 0.539887594358966
0.598150794664878 0.490736615228529
0.893646003295314 0.538345393958582
0.820546302062326 0.442012642464139
0.667771055089924 0.440929629059216
0.198666986884566 0.502179929058601
0.919908442057314 0.551981323190658
0.692795547537566 0.45688368540858
0.968104499874733 0.439255105277811
0.947940660970155 0.541972344501192
0.81446706157029 0.482763970431524
0.705375915445793 0.493631645425635
0.276988005517985 0.454784122233626
0.500971298310869 0.442901127633036
0.821928126648445 0.557635279532751
0.777888940574315 0.51469820433828
0.128799847135282 0.445113132581489
0.883385217790476 0.559445650409795
0.257016625655157 0.466826927148403
0.159718001529049 0.466264675105468
0.180097523392434 0.52880762676804
0.798775357265095 0.541751201987968
0.832320729071635 0.4411418260526
0.216581357491771 0.565569429613026
0.892833510550063 0.48925107341774
0.431355010233123 0.532707655565286
0.55293107726179 0.502332787466029
0.706937499221753 0.570297009288399
0.626392594299472 0.52636125731574
0.775111532844213 0.450313137678346
0.672402833551728 0.488392946326854
0.89627635320766 0.438338816088152
0.454987200562886 0.472573708888203
0.346107745657799 0.429310783116407
0.910512521255955 0.472685398253586
0.31274393125165 0.453723170911035
0.82488458347849 0.483908590942842
0.0995619938914299 0.43217834216749
0.511434026024702 0.559614397928361
0.924134152497924 0.432415279878208
0.69412281215065 0.494077929480352
0.63527288396509 0.443454859191722
0.930567842094058 0.452254879825271
0.442978786636487 0.552863200204447
0.972803957203432 0.490508739490017
0.703449311006678 0.518513855168896
0.916343611715857 0.450637652477437
0.712502094644584 0.529559397165044
0.690107032746279 0.437232494745579
0.945454276532558 0.484158073333455
0.813279181528647 0.428791802235326
0.898823457762597 0.463331676742192
0.349059255034839 0.504330849582756
0.659423191797058 0.566002471481576
0.812303466959712 0.436848647642382
0.836459849559516 0.527142113061533
0.776702814390667 0.466768615817366
0.137251485238118 0.486689751359823
0.15847765076198 0.45455135955391
0.917900875995716 0.518026899167961
0.909615796560779 0.477576140837428
0.744380170719096 0.504971011828798
0.130726460491963 0.494500199458225
0.814336364223747 0.485691361855073
0.237590447850159 0.50724774689273
0.227711948173714 0.521964645964722
0.896301545580609 0.526326855513686
0.922593486678034 0.432829278154362
0.908600263851564 0.482559729171901
0.691597142939185 0.462911799019062
0.530158777622286 0.507678619485199
0.887266228529208 0.515967916595526
0.899566877535199 0.544644990072807
0.532020958977522 0.449755914987606
0.856941992006001 0.500916437227259
0.247800427204677 0.505365855139518
0.95535204599938 0.471812516367952
0.943176839076368 0.456821665570107
0.846867484421431 0.465535400787926
0.860747253138104 0.512001298118175
0.61680306128449 0.447681515797667
0.779863618740059 0.511226898722155
0.971618932987418 0.487818207921529
0.81305627725968 0.438461569922165
0.63134092119945 0.47598700666613
0.88073949855148 0.541398821596149
0.255723390484226 0.54104386806966
0.888991987342214 0.5313837704692
0.800958325506079 0.43560625033003
0.545569712346535 0.437889911091861
0.365005511924592 0.517486321772485
0.498809521263268 0.477143381489212
0.810212967757582 0.449220946208479
0.894686063817125 0.549572947300794
0.895677284798468 0.473723011207431
0.523814917215551 0.490593060689903
0.127591890791661 0.468529302427063
0.925345970555485 0.559813878354647
0.235153834355316 0.539882818198101
0.646214709724243 0.515541565792233
0.967021875106431 0.447726930985632
0.599381938003587 0.445726116220151
0.897998687364156 0.530129582316126
0.91708944156364 0.512541645056681
0.965026510801219 0.435724970896726
0.952406836507281 0.543269925874813
0.918320035226638 0.504928724857844
0.496241640771696 0.449704555863448
0.920347292275377 0.505552668144292
0.583166269473101 0.563848983226131
0.752164976977098 0.434688498905476
0.40962542149216 0.52407417497232
0.784839939694131 0.460538582905152
0.803452370963704 0.451183231052854
0.626986464405265 0.476182410286699
0.734331525605217 0.449150675822008
0.623238793081324 0.460132664880391
0.779031924019487 0.506377228328002
0.926349690561695 0.440097530390151
0.817029186099553 0.48116579718249
0.60352767687319 0.533709461524875
0.693221286297131 0.481401375194843
0.894550381966241 0.541487972650043
0.769252709221472 0.441611227002178
0.358604010060807 0.443077138378074
0.883845316062422 0.442674615577607
0.721822869379257 0.519780246471156
0.881259981856024 0.558066978754609
0.918272769783466 0.537974655733409
0.830461169496277 0.438746179196723
0.803445417410393 0.520289294132237
0.611004304376904 0.439894219895606
0.851567687095403 0.542726088812692
0.50914442131516 0.547606789683978
0.951407811199139 0.484116683450306
0.783846378596167 0.439649676482471
0.654062337060154 0.455346184594315
0.794766905415342 0.485579917490012
0.137101370365212 0.486221927648106
0.751708293829913 0.491217196402178
0.715877966863493 0.456360334649218
0.901023736348118 0.42968684957945
0.824656615860068 0.523693561981422
0.776037240747273 0.562153121174045
0.734368524130258 0.457307622171283
0.913861280411099 0.449192148281174
0.865229244775942 0.4315197437562
0.83375301769279 0.484718440875269
0.552691559786921 0.525430699662077
0.770338632640134 0.433959169272766
0.697562736006462 0.466370793660397
0.826244009642818 0.440240863554312
0.917634433389554 0.446555480532425
0.497797255727675 0.458673288351286
0.955245081843379 0.481442212674786
0.796939899431214 0.561344370099619
0.534768325412341 0.522216588082464
0.96914953913303 0.467552326502484
0.741433600631938 0.467771522348447
0.666630866706432 0.487176151360446
0.961572440104719 0.565106972155345
0.852068201848148 0.556166743867979
0.865440626775615 0.44500198295107
0.822946195826909 0.444928335854019
0.746544933564939 0.478863361373797
0.692589358883563 0.51509263962707
0.400832470278849 0.489876805754641
0.793138502772592 0.510000559220745
0.902412427082962 0.442215979388087
0.173504865545057 0.487964988894119
0.844840862440513 0.565799310626631
0.230298019793432 0.449342456799663
0.79010276006499 0.568255428656698
0.878291132707195 0.500087103484353
0.878934686538399 0.433218443653226
0.816001524393048 0.47669523227641
0.498809521263268 0.49872687672555
0.423929641747281 0.432403173847921
0.871718235165492 0.463604054329731
0.965933025005439 0.510241250328268
0.571109529196245 0.439188435404655
0.803398351212922 0.47402394215513
0.889588543380403 0.567296205573499
0.148406015807112 0.440828295299371
0.941387344670879 0.503004471880729
0.703964199012538 0.491281311374548
0.819861906612862 0.458212128743462
0.797744398183667 0.435945108224537
0.939425382560178 0.531381647693847
0.859004699804588 0.446717255936767
0.779820066610122 0.442476454719459
0.4889997471231 0.546968675889058
0.779650110003105 0.448937341638872
0.943316932898387 0.460132664880391
0.867036149821487 0.522564651157758
0.962874668049943 0.432477766886623
0.789616582656996 0.488696177181827
0.933981344256622 0.543459385359302
0.403573182853552 0.475199307335243
0.551660437199956 0.434537834171174
0.780965768497628 0.527123559612457
0.918978767810966 0.447610770149875
0.895607306887215 0.547640614285708
0.931026861547498 0.48612153574714
0.897641675754972 0.455220205800941
0.887832782689419 0.523812755542132
0.790385969136802 0.440558660691695
0.171396325159986 0.557352744783475
0.887971270105255 0.435737265398166
0.193488104805327 0.54665648521059
0.610237342317673 0.525816236408453
0.340409079331755 0.498708456692375
0.918927989632945 0.442029246662576
0.698499558603868 0.454571413692163
0.515547829787101 0.54031910228545
0.624129147934043 0.495563789327476
0.953630498122107 0.510457927540742
0.906957969788169 0.480966019097318
0.914494923426485 0.504000987369329
0.858534441368086 0.445812985188133
0.926604921293606 0.510648163854908
0.762242826475988 0.532790960972243
0.676894281684554 0.513233404955623
0.803693653930388 0.52873777500615
0.443376622092484 0.559943128689543
0.906381243004719 0.569791497188575
0.289017847250822 0.472082692087096
0.836524300049612 0.517128403678663
0.926858354031203 0.532960997908723
0.867120536565131 0.529952553088644
0.912535018712676 0.483310749415348
0.486416689896542 0.507678619485199
0.927903796988593 0.439379066190781
0.645823185790698 0.492948837681203
0.88344316396298 0.547410302377845
0.514977321363281 0.4291099235377
0.405964912783658 0.465940802119341
0.925268892725658 0.440279967789761
0.352159431645875 0.434231848347264
0.89496555529836 0.48925107341774
0.360622768056884 0.484279178279468
0.209545112401611 0.469529761216958
0.744459265299175 0.451498719820362
0.884919148188066 0.456927777317096
0.849366265814538 0.524614662641891
0.809175443113347 0.515453275824805
0.938873790373781 0.523607999868282
0.568466816881033 0.47928883450666
0.777216251698541 0.428997915105089
0.940974364548318 0.439399882846021
0.890514951183438 0.54690172138782
0.756902563316703 0.443612904000347
0.930304049091431 0.461120705973951
0.503972918149237 0.542882635721387
0.305663339795864 0.51808331946016
0.846330117499872 0.454789509546666
0.39468418172243 0.435689632747942
0.584956375099816 0.439356055503351
0.688372939873408 0.550835356855269
0.4275216881425 0.431053000642196
0.533219761025129 0.477594512022706
0.80319055758089 0.558882497663445
0.810670732644509 0.461194920076037
0.745156204375024 0.444675868540247
0.403459763984695 0.492729161520448
0.886939500209299 0.552292738606463
0.267463100901516 0.443453591657599
0.610893533043172 0.524431386185444
0.915834451726986 0.459854166455732
0.609991417476078 0.4752500054573
0.774081953261072 0.465544244936796
0.953604403871229 0.486530413825631
0.718279872324384 0.511858498947267
0.688439002734862 0.438960176167258
0.936961332583237 0.487443448413108
0.714500606319757 0.473281198850719
0.962461769670858 0.4596413979315
0.847815854736055 0.463367757366737
0.947659288179223 0.481836517290745
0.81132213711244 0.486889381858331
0.417104966310837 0.504287358404496
0.904619110308587 0.536928795914763
0.877436151587764 0.498361732814425
0.948582600551083 0.541552070394683
0.450525282066559 0.49297005896935
0.594558446299227 0.448947840076888
0.659920157437205 0.480086139366822
0.339941642979778 0.434688498905476
0.51102600901862 0.47363760626423
0.906302505504408 0.534028455647781
0.850284645252125 0.457836801852813
0.221200036589609 0.514833200204904
0.569589773011957 0.514833200204904
0.87976163269091 0.534524834052753
0.617031974296329 0.548242136060081
0.806852013069921 0.488485563299788
0.720650527957426 0.524336966294276
0.621433471789103 0.523738186644267
0.585212142712611 0.537699164414486
0.693376974538132 0.468906012730489
0.686465625110285 0.455038164540465
0.554144535076537 0.465612126753852
0.625120753121726 0.429714088217697
0.786923284316497 0.495946625928748
0.930158124826357 0.433954711515236
0.933688734080493 0.554502419332791
0.647536421697751 0.569791489452894
0.326566443807839 0.512426506045864
0.661520863799306 0.496270139114842
0.886131707216178 0.555661762314469
0.734089773076908 0.508818412864828
0.562627530993978 0.528472868468117
0.208606287495467 0.491782998593175
0.096642449826966 0.547294346398964
0.191752639880423 0.43618661157371
0.931415372918739 0.532790960972243
0.949514206244011 0.477343560735406
0.823940403942795 0.531421077446044
0.929268558826795 0.487277693625271
0.808586720868669 0.526693946183243
0.91056945793521 0.544105241776038
0.890761641988217 0.441607331970541
0.510390234939269 0.484899428883751
0.542498164763802 0.538905672491639
0.727584379501513 0.436125173575908
0.589669952886658 0.531601318380804
0.740873572158562 0.459432951378581
0.416110986252196 0.442901127633036
0.77703467546767 0.525910941802491
0.534819482480327 0.54597380857262
0.463764431768014 0.455990559067318
0.240381849049649 0.565957987255347
0.779751457391271 0.529348893461208
0.784434780193323 0.504000987369329
0.735665622318282 0.549153289717927
0.922101879650191 0.612328800617337
0.909544851517399 0.590721516524959
0.914195395444441 0.675644516141007
0.873490529237918 0.585413334775537
0.942670656497543 0.590922220993612
0.714033090029801 0.592372306392808
0.892352957681763 0.585684671137529
0.740785269462557 0.662490450996458
0.829286701662222 0.621092550493413
0.925119560767722 0.60265469405582
0.510754946232076 0.666096210440387
0.852294748835123 0.614216282053266
0.882321204547327 0.574944966553861
0.763983293237311 0.595956000585838
0.845383354415642 0.611652767653364
0.951880958223743 0.603356990874744
0.894339981169931 0.64694471891625
0.923540262038999 0.63222389386979
0.926105481415419 0.590671179332265
0.953638286228564 0.669510750123173
0.639623028586615 0.672722621336924
0.903210629637368 0.700154955984249
0.933401733630421 0.644545163764906
0.815872862696638 0.687027055175885
0.940674263524574 0.658975161458639
0.775276103556374 0.60944786079429
0.811808666860453 0.710719103650865
0.662108198977581 0.607020795045143
0.921143658540842 0.644708986240165
0.806545795869599 0.691897905471062
0.812828734593999 0.631747344319405
0.772072434201318 0.579837082432076
0.933202490315209 0.615478250602307
0.920653257816113 0.605267631237064
0.91398988944724 0.608080614161271
0.754094088685641 0.618370713378912
0.943432936588772 0.641347044251263
0.77786362407285 0.633418587654137
0.54885034023694 0.714106987337661
0.91398988944724 0.666267893630688
0.758075644503171 0.653765093991021
0.953897286030279 0.606490207848023
0.948496332137204 0.589907228483392
0.930215529669984 0.585650367031544
0.62443571487329 0.57373101413267
0.879177593082748 0.70102970765835
0.975267090344524 0.620133129877075
0.649066788805418 0.697167426934687
0.681939484996817 0.679370253337288
0.874078401043674 0.661132169258309
0.947450077206996 0.574277690226328
0.870062001923871 0.587153480740103
0.808806082893327 0.614878673665929
0.883882298781814 0.576927769655685
0.235562263476088 0.62432720824492
0.681372373282279 0.601087094731117
0.911459772568524 0.64626490143915
0.619877128651286 0.574483826393186
0.899262236225865 0.700410363031052
0.450900944387757 0.614120696631053
0.706224035065494 0.607503115405999
0.970483484116558 0.600375927437974
0.873722117613376 0.654112270400869
0.894613211486277 0.621423348849779
0.948501355961523 0.656085955401805
0.827008899094016 0.587134962043866
0.828661618964308 0.573821976750998
0.886467284443732 0.620563620632643
0.489611310581982 0.621387445408605
0.7542046580278 0.584912535285603
0.88128298220713 0.582292583619675
0.928381484922278 0.685701059962047
0.73656116667077 0.609775496698352
0.906464075086095 0.601137327315983
0.400125057355685 0.581970430793836
0.882990110016371 0.611524546815468
0.744174499499267 0.629599544340232
0.892052543035245 0.648862248022988
0.613729205821253 0.57722277647009
0.629344041873751 0.606412876881231
0.961472302761172 0.713461500874561
0.640933542678934 0.684951356218966
0.858518138826963 0.61453120808299
0.962390601142144 0.708487974620352
0.927863176973438 0.579935426475111
0.856979897589563 0.595444413662893
0.87801829482311 0.582838543952623
0.787929445849951 0.663871650941669
0.858996082311587 0.598108145428265
0.737836937736242 0.612579516772337
0.845250774675421 0.592072795015937
0.784990045210745 0.668183212206408
0.971076952240577 0.709090388772559
0.243397208556274 0.712856116912774
0.778389217301759 0.674723946809093
0.93924336625431 0.571967429501855
0.951150739442941 0.603569350535923
0.513938853423841 0.686164245059342
0.728948784037837 0.578530635322727
0.418607178529012 0.619733006233576
0.488082509770692 0.678126137363833
0.851032840907283 0.602217246555668
0.830635436467222 0.655561036966476
0.83752098426675 0.666447808226058
0.893971783145523 0.609785617572038
0.934314549777131 0.589231938961624
0.790888434412768 0.676605579426643
0.708777901583525 0.620254094197899
0.947398451303424 0.670626045525544
0.880718008380544 0.62111806302363
0.821205809475745 0.700949225127571
0.906744022162942 0.653270859259236
0.869691003435219 0.662378538335887
0.875352064625898 0.597694296584951
0.91676234493678 0.644384077394534
0.944984325199032 0.584421453416011
0.851032840907283 0.623129779766279
0.891684488159854 0.632765959040353
0.940450858552507 0.609906898622377
0.564670109970017 0.593644888154862
0.278322221725731 0.61830840120556
0.836255056112421 0.617868762045703
0.596814390406428 0.690050419781753
0.875795156133587 0.593249077345947
0.724297125332036 0.656188398470826
0.893062537718197 0.595428807874887
0.792810118152264 0.616874360061116
0.541079153575675 0.663695806316326
0.834784950546833 0.621502186384165
0.840637342967766 0.589373181448735
0.753362317609479 0.609785617572038
0.941964001111349 0.600702477812367
0.906515032606983 0.713980947545022
0.595814794276493 0.617659532519908
0.421103685964278 0.597620438889236
0.756061735692979 0.613040595748534
0.940265610915401 0.610274053895273
0.248804627624698 0.670231587237387
0.738206775334222 0.579519539921039
0.875909791010819 0.62060636921923
0.704353110054686 0.583240293088406
0.948400728787847 0.596374122909607
0.621686009702945 0.5941961904538
0.902655788889926 0.635208847734394
0.861151154558805 0.635261824417506
0.47681919076739 0.625250708965836
0.505119323638519 0.696075916629804
0.716828716464528 0.703944125656919
0.88658522327621 0.608812727574176
0.90120900658576 0.68371850795263
0.966179055497924 0.637715995752903
0.818166558205852 0.626135644356303
0.75534011335861 0.652605150683386
0.909802135852738 0.633387415618919
0.868494476877911 0.676179560808561
0.903735891775394 0.698398615774071
0.870229687620357 0.655846772680364
0.912265863340044 0.618603247202271
0.687833602988927 0.649268877477986
0.610182907911327 0.641277449901076
0.827281332720636 0.592177896290688
0.136924443545705 0.698120102339534
0.935639500275031 0.598162332992657
0.870840437641986 0.581596192928621
0.704284442348396 0.613355150321116
0.878654298925589 0.713648442813999
0.920229701490627 0.618031027900295
0.895357690939958 0.677477735707644
0.941357133964641 0.618998275383808
0.963789095860822 0.690730616006776
0.866753994543043 0.700240313566217
0.826815154434662 0.573455219342527
0.871336336648203 0.574784088095772
0.437664540847856 0.678177779413905
0.816807956459761 0.654964787588809
0.660290683312246 0.621156656642328
0.953872816130049 0.650019239914837
0.80456885421319 0.650563310553951
0.949556723078467 0.590182632002944
0.966687927786472 0.684656121446637
0.7269859202668 0.581924721989235
0.878143864392467 0.638595544350445
0.716659427135745 0.671316057567239
0.496120855367569 0.615629804103777
0.572520263168946 0.593888217978626
0.943444110437833 0.635406146231978
0.836956630671049 0.587632549681691
0.50915188726382 0.586625588006724
0.86483549968136 0.627685716154323
0.916839446718966 0.652558110163925
0.773716884156952 0.673313003522362
0.735003812981471 0.598551520169198
0.771889996253656 0.694765575493221
0.420966024097973 0.683725565977461
0.941304726696501 0.616708661816209
0.881603614907464 0.622621798204709
0.902245676073198 0.658653023962031
0.836472636366996 0.678348229275709
0.968024656121368 0.621953317587817
0.534753388598018 0.606471806812325
0.659766123886911 0.581258634201838
0.985608831936062 0.635370775134767
0.659889732194854 0.711561794474273
0.632013144107911 0.588232409461297
0.940998388724711 0.709585019359773
0.649805095303079 0.604316160439667
0.824237002294892 0.628556071003039
0.759939801739568 0.612549994909603
0.597962888492348 0.679985814029433
0.832242640257006 0.617831397728317
0.774850594404342 0.702570238290369
0.957513044921658 0.604907888664171
0.565227481112619 0.641426255647603
0.931340018181349 0.606160913836017
0.90682545154301 0.602144868617862
0.882552169765825 0.622972653918319
0.946861925266064 0.574393009846536
0.439754596907739 0.605525008051005
0.95593839698034 0.596426210182797
0.935303337439961 0.612285566170486
0.10972612991497 0.661298357335741
0.893864140175962 0.574913186062334
0.81795638385774 0.664963157262084
0.423819319497264 0.612117067101643
0.570183274056241 0.630008086445804
0.671420934559107 0.613468452263214
0.729790332930543 0.713109930140726
0.51194980857173 0.591072665190274
0.925701811658047 0.589677012571383
0.507283992386696 0.682287570435423
0.675347553079913 0.79889776009026
0.959869627900368 0.805119062503711
0.892274738613621 0.841682071121729
0.651530487416304 0.721556227672839
0.449872924839647 0.79552538835344
0.75896932348927 0.746842530960065
0.830060040057512 0.82326791895678
0.735947141670974 0.729909664667526
0.901703329733881 0.735379752669091
0.717402441089722 0.715016791140564
0.820734228731357 0.831467897842787
0.868260667715843 0.737899532006213
0.688437744385287 0.797673388532569
0.843189781962225 0.768910319647215
0.855407151826731 0.81117370336387
0.562014343486691 0.798172228638863
0.880560723455866 0.796371724478399
0.16887688854123 0.721518977306778
0.444576842556394 0.754157868058124
0.576855527318039 0.753210121949625
0.435723918197962 0.735640137724356
0.592070740475542 0.721944252166763
0.859827816027639 0.78204518822924
0.887543953001846 0.771709327450715
0.365132579700963 0.734565097897118
0.946019559555101 0.764636142867054
0.725391469685497 0.771428661869964
0.874079686804837 0.793282124496017
0.820833630243403 0.784867925238752
0.766262515135879 0.773924675067949
0.974414009916661 0.749918654869694
0.921158288793828 0.718463419560087
0.89746468693082 0.722335116439769
0.724779860320195 0.768032707227282
0.6193882381631 0.77336306704767
0.824642457512499 0.772579501335271
0.70904199038117 0.732308376811658
0.546082880063879 0.819805936240623
0.47356685878526 0.730650768713952
0.863207476660274 0.763154995149445
0.596888757595837 0.767586888758153
0.922622942502314 0.85514425920074
0.819949055186876 0.732661173320611
0.977304485710481 0.72589998722672
0.864757868836064 0.781367532059056
0.561404617578605 0.781228134635492
0.656079150196762 0.765726089915358
0.931373142770802 0.814920756235415
0.588258697120656 0.742966788546379
0.815813699127495 0.725360457591141
0.894413406367786 0.787247245919919
0.823921781465592 0.742966788546379
0.913933366699149 0.782222961468407
0.460550132996604 0.855985690445776
0.826424503335281 0.787606978022613
0.959627494507691 0.719276642530683
0.736534279822808 0.751216346752304
0.724173371967286 0.82957368126861
0.868323483832779 0.751740193843408
0.953572526913059 0.789451373270006
0.890831836786297 0.83964562952517
0.915270210646108 0.781759287655598
0.804332262598965 0.760576066919836
0.583799540716143 0.715016791140564
0.836201975419406 0.754936772755344
0.488976143429643 0.752454972098329
0.894586208891284 0.791146182632984
0.848207255597185 0.840588169310703
0.945978047631439 0.769055455865564
0.770080654087356 0.749723366137201
0.83849060102368 0.715738388931228
0.881882835290586 0.720048186778633
0.897238714061141 0.794018859884657
0.92527411751012 0.789812275954362
0.870163183674239 0.740451918099014
0.708779789085136 0.900562935124592
0.875586015537081 0.868745154174041
0.685741592074061 0.879757666292985
0.868705583078142 0.869732805108614
0.289066956584607 0.857525512174503
