0.795029326801307 0.13371804481823
0.442506993656122 0.0813952001665825
0.889328879669786 0.132057340343157
0.866587428033617 0.123672278087224
0.4935344012741 0.141108959001768
0.783667502022042 0.233155481981599
0.829072857794295 0.24817394100163
0.930203498746058 0.242415015137374
0.832469290767531 0.208135829072833
0.845026912873232 0.236738632910482
0.858638019331146 0.281568441617609
0.877777707837883 0.261920894933896
0.648804518915054 0.2434257561125
0.847405384677063 0.267307211516754
0.68220837657832 0.275944304615061
0.644367793528159 0.261062184418642
0.847566732258877 0.235001400331178
0.781084456554289 0.229528978887088
0.72130099494369 0.239072344212963
0.743589228441374 0.237164124279848
0.588958800269478 0.223171430854637
0.861169962082061 0.281184764992735
0.80083454757314 0.211702938070624
0.646926665303588 0.272694946540199
0.773327672642394 0.212618093302281
0.935211647429098 0.276217216414391
0.697212107387615 0.24164367260995
0.955409774702395 0.212028680897986
0.566827344518347 0.199929620999138
0.882725433365934 0.230404547432287
0.432236685483042 0.221578817055219
0.681984197435154 0.224859602611002
0.837542807037033 0.238798245442024
0.944733863852019 0.283788122466045
0.716097314515269 0.233469083636801
0.816679441311244 0.23811184239325
0.612893354687164 0.214077637214172
0.648191562759986 0.168200767126878
0.880591305549044 0.27168529292857
0.935757475759385 0.168467606240292
0.750798849800323 0.23765878570711
0.821709664289926 0.157096098216943
0.792697677906372 0.277182500209706
0.536363448972806 0.248419409321492
0.889785938917945 0.191363361653501
0.896744951085392 0.211505004945382
0.987425481149405 0.220424841364539
0.808710333879322 0.260591491322972
0.977415184421835 0.284291707107037
0.806046805838679 0.21471316317026
0.630385330532994 0.147057328683728
0.747149190827852 0.247139564587837
0.816638144553763 0.260452477979544
0.590457558809509 0.172883946280611
0.664546033703023 0.257830969522411
0.690866293169789 0.182594952284395
0.764335667929758 0.202482026569341
0.316493365773833 0.198513788544707
0.69820704668056 0.201945178916898
0.815672542890258 0.268067480296245
0.70997795320004 0.265003217850541
0.783453600962238 0.170000525986658
0.794724394137868 0.244432465560751
0.845428291768659 0.199344431620103
0.702270330646655 0.268635913822288
0.909956913153795 0.231602998548995
0.388507585491835 0.251108003873431
0.804648779009387 0.271258740474256
0.897061217458361 0.258598380344301
0.872052519340786 0.212780170146661
0.697648475273519 0.271252341205292
0.201919861223747 0.239518791889858
0.793124541263983 0.160666967199274
0.586535579616702 0.254890770264146
0.654614941632184 0.237201710575838
0.281783561541053 0.275005200284382
0.551000579462331 0.196801814540153
0.754696618543649 0.147057328683728
0.550449063103965 0.271284664085391
0.902290862341989 0.242415015137374
0.812933923513828 0.295026045973695
0.907304493815767 0.383674774492495
0.956020882180948 0.367384012451694
0.373163661226823 0.409217131640682
0.58106805957054 0.29277907595301
0.429748425477893 0.328967891408606
0.486067349642964 0.410963982987791
0.616175070446126 0.36191311992681
0.558789419397924 0.373833257583757
0.307750627825564 0.422965345392348
0.874126358761214 0.36191311992681
0.97479182714232 0.34271811519605
0.940123530253713 0.414821282147268
0.706086926712834 0.427994762054876
0.381730375010739 0.415427203720155
0.80171219450305 0.379406506590872
0.694679870738996 0.344667765110922
0.874591936630436 0.31984033053038
0.465674411965661 0.348411973623377
0.860026793253445 0.342150807723812
0.507853367036719 0.352218845171168
0.386082068333709 0.335278291713042
0.385786219929048 0.298270138887962
0.961429595163048 0.411203221459837
0.214243670047165 0.409594992104663
0.397503047147974 0.316091182665445
0.766035193033034 0.40450845946023
0.906885248296511 0.37202094221118
0.257028612947372 0.383273117378353
0.149679826308599 0.354155918922146
0.92585042540641 0.426859357208461
0.899822823606565 0.32502739876846
0.416093856972019 0.37306441530516
0.502410259751271 0.391401767166946
0.867364699516127 0.308392991912338
0.606706743719506 0.418253754550366
0.222319044781032 0.407287642267271
0.976757377485945 0.334403780288868
0.786586653169579 0.41878095488384
0.946654271470042 0.411749406778778
0.310829953900986 0.349236362839492
0.926722213941482 0.422676122952947
0.866100839335066 0.414560531207882
0.390075392982103 0.28819771328429
0.212907442491211 0.406407255225528
0.706244348633788 0.292644373900654
0.642498772559551 0.325532444512945
0.829200742223464 0.314241414028725
0.277181561617086 0.426412947751146
0.779289396821461 0.412907400545316
0.638903501896276 0.290911046496758
0.926523471635453 0.422816275807625
0.242990561876958 0.316277415322255
0.796890939428111 0.417232207527923
0.252014048711806 0.408021438244211
0.484684035895149 0.335289954777308
0.455408220017527 0.416191764486977
0.683343374408325 0.388024617886652
0.690556402855468 0.373319333086867
0.207915268901618 0.397440350903445
0.92829289464274 0.370047789608981
0.809801362851406 0.416085424700724
0.808457694593908 0.400527040006483
0.709250880161476 0.411503304523276
0.78796989020121 0.415246977351814
0.644102134610439 0.414101886257104
0.774732306258449 0.419055948412562
0.769543840537553 0.410662047375374
0.603831376766268 0.364844836100466
0.432328496107408 0.331054953702333
0.508904473700524 0.333386288432522
0.257977010690732 0.400612238623883
0.643754439323136 0.364020220436561
0.912015143696758 0.400996838927874
0.53034431389768 0.421670809426445
0.703491367051279 0.409329786027855
0.779965216320095 0.341541365616932
0.0615316474234859 0.326152054934766
0.816071560335386 0.406106774974226
0.920635989603818 0.40590973167539
0.829186265467936 0.404061177517029
0.973451859416847 0.405065208823662
0.709612935925764 0.330372617261374
0.655520922103809 0.353905413623189
0.921767102412639 0.304851537442299
0.600773649540323 0.355680114205049
0.0967731624923164 0.424026287562525
0.624230376257584 0.37583291366331
0.1886955820318 0.288280200352121
0.861234347028675 0.400773333543107
0.931414198932865 0.365130564035482
0.880621735968348 0.359588392940342
0.239786699360809 0.344991437488636
0.945598945812629 0.362286086165304
0.780455412128566 0.300823950282007
0.752345661229919 0.408555406681498
0.772305083746138 0.325453829147461
0.924286583659502 0.328594118220069
0.828334944251748 0.390337925491575
0.415870489715371 0.398367234926843
0.492294088736135 0.382492169535833
0.545378794568718 0.400462704935543
0.551389433510311 0.380356219685695
0.931510898080044 0.372403686174277
0.871331758400573 0.292546957828732
0.912309419770599 0.416993229162113
0.95873945378181 0.405265977876969
0.61668981879196 0.292361974252113
0.446457831656984 0.398066291532797
0.906939541851361 0.371371246876233
0.658634334280679 0.428198872961564
0.247146521539309 0.405500431640311
0.664113389290939 0.394917875713634
0.601646291286057 0.388136019801317
0.978288119495644 0.426530932129617
0.644403007118134 0.307869253577311
0.959733903448565 0.397067560819252
0.790015957307547 0.399361564499891
0.634171953234392 0.357641020011033
0.719087061950367 0.393316753530006
0.258668214279526 0.425733251229211
0.435882052151644 0.289178498608955
0.439338082316721 0.348901220145084
0.939833637394332 0.412418701662589
0.573118727584282 0.393373385747774
0.0998322870492172 0.417255410397389
0.952988678169951 0.384633877488031
0.879994271853902 0.290911046496758
0.44641778032093 0.329900058142201
0.21291956030442 0.330293969814132
0.958131332272795 0.358929994227308
0.5159258265432 0.298662907139551
0.74163851310707 0.37053197167434
0.933261201185953 0.346721208804148
0.76035075048229 0.409602875019744
0.470702338489634 0.403068109450071
0.933080676062927 0.365256379983253
0.935447658931147 0.410134517641813
0.386827312478631 0.387601057160857
0.859697114019775 0.427799036574603
0.312205338280111 0.402877467761491
0.86961728659652 0.392907390961619
0.933661778322772 0.331165263942885
0.389592072809271 0.401059937867449
0.361688488728617 0.335537069945786
0.41122918226267 0.387707158170801
0.663432763564892 0.289671080512777
0.707441973639549 0.313455859246777
0.396945981130424 0.406566323536211
0.340898846816168 0.291656143366928
0.437079191797499 0.39299381077741
0.880491439625434 0.40900032493177
0.61772925632502 0.325271015506834
0.94102205485938 0.393881069728537
0.889920238208946 0.306313968840007
0.756065960168277 0.406610479962227
0.92898114019719 0.397546346820046
0.334867581985772 0.417485481059455
0.640896037579738 0.35347597973826
0.807319784252478 0.420629764148381
0.143653874017138 0.385274798252826
0.966644615456041 0.350097243934653
0.821353016213213 0.324503952757222
0.881761892496326 0.393384283643498
0.622351682124806 0.415443578782646
0.739075764095613 0.373141024193751
0.600470841134132 0.325713483668364
0.44303243871099 0.410043397100069
0.67714813284173 0.341341755369471
0.867869282299379 0.395834717683836
0.949686927194125 0.380970525095654
0.500943521852463 0.307992081035477
0.396260129370414 0.329002911682197
0.770253862589716 0.425706074159395
0.870257065493679 0.409282581432083
0.915930524263957 0.40535122245889
0.939733074873693 0.330102716840798
0.837765134395008 0.304114655658996
0.140842456341049 0.415364929042399
0.773758841607937 0.342329740342481
0.908084125671706 0.379917456014466
0.924760885059846 0.363395451627193
0.8838677443427 0.33422350979827
0.841178655959968 0.295451069800653
0.583385882551959 0.321571143297543
0.55588182620624 0.377251827091055
0.705730276857459 0.306967049735841
0.364259847093759 0.376304745603427
0.897103862817843 0.342760173154513
0.920818709129728 0.308843688933544
0.496615704650561 0.386593192736187
0.924948475683449 0.399122563565163
0.549286477543197 0.402530451548795
0.358394682969382 0.346098414900276
0.691625113676538 0.306842519804057
0.961057241195807 0.426561970717493
0.898051296911108 0.372339621934945
0.440466057428141 0.365598289604305
0.970253891119545 0.414810090320133
0.733748613935115 0.406398258421672
0.943773850606777 0.287433618509844
0.92511641862591 0.289974784645945
0.81373198287555 0.363298132547964
0.98017849107746 0.34074047246345
0.895469837876319 0.352497431126948
0.833465814454609 0.408077314468902
0.922615877055223 0.397197857597962
0.549903234527085 0.379351612017465
0.739732819850652 0.306967049735841
0.869684171038534 0.39809333975596
0.865022632955448 0.419640537191231
0.931993096838968 0.350746092532668
0.897293922830926 0.409706087905828
0.800388048486061 0.329040045795554
0.481231672040544 0.357265567416696
0.727419472067062 0.378705918043738
0.0744495472008276 0.350991060660297
0.881901887577968 0.391713364578252
0.516184665601328 0.352140955994028
0.788777054753436 0.338255941991999
0.250834464237117 0.36892834883396
0.870341440329858 0.390573394599113
0.911936009970689 0.417811453909054
0.900429923506373 0.313696555377021
0.712220820510873 0.402770477014051
0.446168592001023 0.411580894238325
0.699827309934481 0.390522287416747
0.625994909759037 0.394917875713634
0.763614009069481 0.401811056390396
0.933781317998962 0.319254881636983
0.816853016549789 0.530354832352735
0.950705204803285 0.568603776828376
0.836566139384746 0.515624300284216
0.716043562214124 0.547914681687793
0.886783577475211 0.482681984262875
0.804969312040817 0.563852498827398
0.950764278386994 0.552645969142178
0.421660902542683 0.567042319937115
0.804414081197996 0.488626234106603
0.654062337060154 0.438396350331883
0.273122696900808 0.538876256924026
0.128037066313004 0.478602537311437
0.684992447693001 0.570900216182284
0.98088190509986 0.450746214720144
0.211645301745832 0.488029079067026
0.77593328497959 0.523729730855519
0.786423416972582 0.450560940852395
0.850913080068667 0.548508641188914
0.252260474260397 0.539644620661634
0.779650110003105 0.444022651455644
0.946216996836162 0.555569494011993
0.953540570233982 0.522983928872568
0.569591317985087 0.496595238401742
0.62708940872451 0.455891940193096
0.854020871803926 0.509327469268015
0.881469833210732 0.553815542391863
0.922530404103193 0.511777988872096
0.398024270052881 0.542630982877247
0.597316322994513 0.483964899820701
0.863786287819443 0.55852222101426
0.295175841375844 0.569714392871955
0.875813430372627 0.542700744997392
0.906787186024717 0.456575097258608
0.861720767884835 0.513985723459496
0.471274709828566 0.551499016703218
0.433886857098674 0.524971936977249
0.706912056324746 0.540511814962745
0.351947917318117 0.535570477495722
0.198666986884566 0.432037715647907
0.906171247571581 0.557002681711228
0.92103160052575 0.54212587431784
0.611883812362185 0.555021966695404
0.805441172114634 0.505437979830611
0.938072085918401 0.525048292184963
0.886209966793286 0.459224415049724
0.195980195376275 0.531560262156519
0.675682631790737 0.514437511729015
0.462374460205763 0.430831809097187
0.867621546404335 0.512687429896084
0.796681306257785 0.504254702280309
0.661662574045007 0.550688440474893
0.669700753021757 0.515021379197172
0.734125933409282 0.554254551279204
0.684911728325225 0.526833313932016
0.236827608832789 0.45497902541326
0.449695973134463 0.539425914102413
0.675192022146811 0.560132686640268
0.710858594681288 0.45812683029049
0.618916570386561 0.553447577715758
0.803135257087411 0.545144940741207
0.960594698829291 0.52981552033723
0.694178915322806 0.537905305627477
0.918927989632945 0.531720451180243
0.230268067826446 0.481828910070691
0.455894500318978 0.55211827466879
0.666779218940333 0.518782513764519
0.50386662679059 0.472835225419913
0.699137952656326 0.564511748244548
0.168068647728817 0.507019065205346
0.764610265070867 0.540450518585004
0.827692307652288 0.47306946219244
0.581150088388233 0.507643850655815
0.717488246131991 0.503664832535621
0.69364122990534 0.5677281625798
0.961572440104719 0.550612284181401
0.871301683584461 0.567598953406595
0.712570739454202 0.436250971682703
0.541487860711028 0.54111416466703
0.783989604686569 0.528138291808796
0.898823457762597 0.469985564591415
0.755669755036369 0.434631964016075
0.680432537788058 0.499440223346428
0.793965305118648 0.521821763549841
0.984654601539297 0.476640927461366
0.834860778812608 0.536454947784241
0.938373305816843 0.43976017438029
0.951337509849966 0.493622737934613
0.889091040464757 0.444797791721544
0.568466816881033 0.505096903722906
0.589308779762811 0.429749475122093
0.971805222242059 0.476338403822692
0.832784034020463 0.546721950645092
0.750199263598452 0.507317453175146
0.612429124662104 0.498969240417105
0.492290169126944 0.443708763961477
0.949615990393008 0.468409330571654
0.727664030977236 0.501479992134265
0.815662693202092 0.48450730295218
0.946504023030976 0.438122967026552
0.591415728057101 0.476544954128714
0.499187556443298 0.548127620032071
0.829498433409501 0.495438964144136
0.700049120006945 0.509987171485867
0.386277967515415 0.492198363011213
0.130726460491963 0.473948535660904
0.732269971964645 0.466328201182196
0.738773174253162 0.565541666273924
0.871808020746131 0.509390834459413
0.93248045549071 0.513236475407449
0.759414741611811 0.429366393172786
0.749540822725494 0.483375856874825
0.955983374684491 0.486544847071081
0.916219201836423 0.490851251690755
0.791598639216138 0.49562171462557
0.579771055531799 0.513885424796098
0.442727440981033 0.494127408473203
0.259451625920447 0.547104815937642
0.696751145646257 0.536404120394968
0.921944537569356 0.495574667831998
0.489309499149825 0.536774548290396
0.311872910942695 0.570979806909948
0.898700579318233 0.546598432318907
0.641517557703307 0.560412871706633
0.863930498502231 0.506284646348778
0.444497982017558 0.461736543378255
0.880983827641628 0.536699058325558
0.719851881468502 0.469322267803865
0.566283804119766 0.569079216772329
0.76735804124685 0.51016356585779
0.884533456153089 0.537373634503911
0.710923166900342 0.484461394128239
0.233659873723557 0.523455699234015
0.526222860167593 0.479321735052028
0.78664541349998 0.535842519724516
0.707832424506819 0.435210375320064
0.81603356813016 0.454548884007574
0.0876846222304737 0.517245069449713
0.547931575292435 0.487117493716417
0.959822424577657 0.563204134580599
0.481065982080914 0.499660797910538
0.168593457474626 0.437618741483536
0.828911807164948 0.519367619371882
0.945871057341914 0.498358388631643
0.857467143115363 0.444532525543186
0.802182365932984 0.439943359575814
0.373337880182652 0.458225443724899
0.936890027211071 0.549624135674814
0.981067390189123 0.51580633510418
0.628280734156927 0.443012824488547
0.957978080853536 0.511503046175867
0.311884116514312 0.439852078236311
0.675188260038516 0.494490893729771
0.563980043284225 0.543542116563104
0.886572138845157 0.495904998439185
0.918272769783466 0.468748210264847
0.560084966558054 0.517021248164396
0.786268722172141 0.556619961358377
0.463203059916037 0.447351740103163
0.862253142185116 0.533037885340866
0.66861182432561 0.545637251485128
0.59968624988885 0.448523790162331
0.659127375242656 0.539800876264335
0.140661488700634 0.473311070092496
0.573312445382452 0.503140355846588
0.309691977905409 0.56515910865497
0.973244571052685 0.435031000836654
0.922209293314105 0.507017064316961
0.518137100038125 0.562769633512072
0.776486995558739 0.533503460660083
0.625110434284825 0.566667350052069
0.929311678591377 0.485794625203369
0.0935028079411746 0.536239387671969
0.875726463843746 0.453972557416072
0.875649210389501 0.51662684434267
0.848119330146008 0.546600125804623
0.598747539256404 0.558260445824054
0.789855191309274 0.446510426578486
0.908198671441642 0.554428805770595
0.817113848506206 0.458024130184324
0.855339045094144 0.436083028885872
0.215499317786123 0.55823674961271
0.943592691357884 0.506201300346954
0.730575123790455 0.553795667205142
0.716121896607577 0.555277642484945
0.666935437334158 0.46990263364456
0.784989095383373 0.567973044087292
0.837555422313275 0.532320706778447
0.629854394971953 0.432336080165054
0.954360946262357 0.49277782754493
0.378698154950488 0.563322994738725
0.912187048170542 0.537978994258846
0.531382885980653 0.565289806866049
0.529350903755142 0.488144859933803
0.91708944156364 0.527855977572067
0.767954976186293 0.525237532755377
0.390232567571793 0.477872313365024
0.812171334102421 0.542131337705154
0.90937723803449 0.514289550513804
0.794045645826023 0.559015403076646
0.793515824677249 0.468606198739341
0.792426215216372 0.475810102315273
0.471046470157559 0.544664975655995
0.349054121818692 0.444611512916891
0.871588335271227 0.519877773552104
0.13529843517153 0.568623583871035
0.87076494479204 0.557689121184878
0.964260457111127 0.518949046509524
0.914923331597669 0.534050096750108
0.929334667533412 0.439068258796407
0.852628308831136 0.544995128593654
0.928496854106896 0.561437610749652
0.843736924689151 0.436399294237464
0.465183231026145 0.501832147384442
0.836862442279541 0.568095094638866
0.858307063140079 0.489066734462192
0.316004569696693 0.53999472155896
0.777888940574315 0.547356228358482
0.871008647749966 0.548273474040344
0.541669640882035 0.526891951387219
0.73959077509002 0.560042357183792
0.900295688150795 0.493649279789946
0.900025008572366 0.514426310034019
0.90185776285596 0.463559057389586
0.383886585484201 0.475759241145926
0.693882942147895 0.552607995512629
0.867972762400982 0.442561909155316
0.905487719699203 0.51953505402317
0.430142431738079 0.498934225173986
0.922364295163929 0.5418430582616
0.767432237013566 0.521895737664806
0.94223305396215 0.462854265165313
0.712931159984439 0.471563394394642
0.866929369242218 0.571403403364411
0.905463234272208 0.490384035486006
0.670367959955383 0.486749431495463
0.849892572620743 0.464324963200049
0.900233758819016 0.45044348572326
0.766995690925526 0.484253054633395
0.350869176732837 0.501199172361247
0.727004686598311 0.553448282277691
0.951371938786813 0.489087698733195
0.784108899505526 0.535177669895461
0.925536892540656 0.561139652495738
0.916062095228439 0.487816314948074
0.71073368100976 0.480625867698739
0.87674998807709 0.529408696633769
0.577813899577556 0.557796382839042
0.89135510711652 0.496635108845359
0.804388323404314 0.446790555343097
0.907176006247268 0.547100500587077
0.880811385437003 0.470808148726281
0.800789376054599 0.560696197790288
0.708697006788268 0.468596843649286
0.923274859345395 0.56113335023887
0.214888965001978 0.557503889478168
0.821253368779856 0.565427193798532
0.709783833668742 0.515387600867953
0.828454496690777 0.539901776761886
0.938658660666441 0.535086614533032
0.808017996461026 0.462335151355331
0.418172031520291 0.566727728332694
0.548474338749645 0.564190115499036
0.286622202297301 0.570362369457634
0.71168336386203 0.543454608757158
0.965046949322107 0.552373947646467
0.402734001734008 0.51492304956401
0.690928884098544 0.522056620260195
0.884911012515977 0.462805773501652
0.586740562559194 0.513102214491074
0.624513561162899 0.531892317954508
0.94614574156978 0.546868161080915
0.870006900000588 0.483119638690656
0.429002745357039 0.551977406323307
0.572887901657297 0.436099338395862
0.707939003481307 0.516972884692596
0.939736120319563 0.477230678697485
0.339486027806789 0.534938444440402
0.835952812251102 0.457213802330702
0.636832922286375 0.528685961591985
0.849094310520751 0.513979705914771
0.873078363311585 0.568461314943983
0.574098727755103 0.531262675319147
0.744920043576437 0.473007384170715
0.756337602011733 0.54927873472077
0.426226221865863 0.436842128774375
0.598150794664878 0.554135525072574
0.804220610930547 0.545498991960614
0.646143275179127 0.54561723670086
0.705375915445793 0.495436063954829
0.938291525384113 0.567518713856388
0.86498649109437 0.526288346980152
0.25688080495426 0.476640927461366
0.754665922091454 0.524080110874432
0.926952183332655 0.527630062349666
0.844571892452173 0.495965187002947
0.651520631755917 0.563648899288271
0.863967796211952 0.50415563166512
0.828991148918684 0.436264274329945
0.662341335907877 0.433313671932366
0.929047959869081 0.549318206888383
0.931392441529791 0.474200035355727
0.592327037702796 0.492027145189273
0.883416735199979 0.53017529980929
0.785945777251279 0.49687996792901
0.964952447203577 0.467653707957191
0.785735724746695 0.537662251590442
0.598571620158923 0.515703089801472
0.898884623158751 0.488919959395696
0.959657269642165 0.431286404755802
0.453852201825147 0.485769380159159
0.610947478719337 0.519203892659555
0.279690373857918 0.563636500031509
0.918750877158301 0.463772041496489
0.723443714563738 0.557582537941353
0.50463934913646 0.475206421691169
0.457769502484123 0.513822802856895
0.768055561801279 0.46302689868101
0.16928775830778 0.475083373115019
0.960843353678216 0.435045040152396
0.859153430069534 0.473940217112664
0.974055502070301 0.53613821343643
0.865758864981141 0.511064572489898
0.880601054534368 0.480912305657049
0.25876361144787 0.484374213987183
0.362948923588678 0.438603959607756
0.428751352263907 0.524915323393746
0.839745295498406 0.429151572564692
0.608244894355711 0.488176100776864
0.369922962655803 0.526537132854167
0.964692511276781 0.434528469242778
0.363737486325784 0.558011359927627
0.784810322291054 0.493389037264442
0.708584899720735 0.435331551101096
0.591418018623436 0.54974040480254
0.829498433409501 0.517187329141007
0.554144535076537 0.534958012670566
0.41265407110812 0.50224764305303
0.830819354010539 0.47409933051777
0.746128913668287 0.54680544024098
0.72365102707655 0.452516874895364
0.88055672186199 0.565345154781905
0.953458669538651 0.526776275505686
0.694427339605505 0.532609612347578
0.715829042713166 0.466234117316703
0.105164546373574 0.518090555765588
0.902043245680219 0.491442320893036
0.620813594874099 0.553497647095346
0.692151366828853 0.532673562661214
0.520961532278698 0.481549461330301
0.190705746265359 0.443731818279058
0.794352684701174 0.504140693294407
0.295905900115862 0.481010225071836
0.901491623998707 0.500054756472705
0.835069941071579 0.521755849704052
0.679120033447898 0.482974135794561
0.160832246549263 0.510612745656536
0.870994870549646 0.496461701504474
0.810379946699377 0.485042592624925
0.693206501528231 0.543961443656652
0.840452220604631 0.480867106498144
0.148793915197928 0.501236855775856
0.775544317078473 0.519175378291548
0.364882731159652 0.496282461833812
0.869231500240897 0.514276718920267
0.695051700375118 0.529531602332844
0.813279181528647 0.431076116041526
0.961441145440397 0.520427169666297
0.0614452976523711 0.533225241179075
0.559460446628542 0.435721639441045
0.86307901309731 0.534354166909599
0.227525397061449 0.514058296786797
0.797735602225338 0.436264274329945
0.836462196180682 0.525893339670061
0.87175440549461 0.472408894420145
0.523814917215551 0.461386743422421
0.139458266965525 0.486919024703326
0.915659792051522 0.459641281965215
0.865423366418728 0.547594404240824
0.14445315943425 0.481326030722062
0.815211642233483 0.44540439182648
0.78027198598411 0.556977204315218
0.912126511089331 0.525779881892084
0.964052361404524 0.473351359261253
0.519384961416072 0.511461857241027
0.84155758202925 0.496182870878666
0.827245877770536 0.472294111110412
0.530571364342956 0.435673207030762
0.603000568613274 0.507064695877046
0.637586991763986 0.539640159601435
0.675959026094902 0.551743544526736
0.789855191309274 0.464653471161817
0.227218201302135 0.536513338503964
0.786239107533134 0.567203829731076
0.780834014846738 0.511668748411297
0.91808361242776 0.500996716590246
0.844632348374975 0.49411260648053
0.89709484907482 0.55395699273097
0.355419870411765 0.49599328498017
0.703642397072254 0.474338111387074
0.747888988575291 0.501562450377575
0.872246032410241 0.564187498697239
0.692795547537566 0.473275366271873
0.753812114179025 0.457192494988798
0.901884324228581 0.543153068323752
0.294384486765289 0.456063674995141
0.340648886779273 0.440671515379032
0.812896084841939 0.541383838196029
0.628142287365974 0.57089973585833
0.872178643377221 0.539716986739314
0.473546057600511 0.478100286280033
0.952642921618667 0.455333319611244
0.696889144153119 0.559809571989601
0.573052736966483 0.533310416257079
0.920081591754263 0.435673207030762
0.630430694079523 0.528001985077002
0.545141193469298 0.467332024778148
0.650035610071658 0.519187112356798
0.948761333304863 0.555060130604964
0.804388323404314 0.546544659864314
0.494806471821717 0.458865622386091
0.537292286280067 0.470196082329196
0.973279363306159 0.531275586087762
0.521394879737305 0.49825713303684
0.850415006289885 0.505488100738074
0.554144535076537 0.442043108677926
0.269366946092583 0.568168301451042
0.757811365922551 0.499531695288552
0.465183231026145 0.49435007638546
0.907890421087069 0.477464187595187
0.578253548066412 0.506144593057308
0.90685899070857 0.459101365487185
0.763192712314301 0.50447702962573
0.667069728195459 0.542628973898348
0.574882960417684 0.566549678302737
0.289516747873849 0.557345844623634
0.340714782662851 0.557010170378456
0.913861280411099 0.55608837044869
0.64077532886597 0.502876392779841
0.482684434177113 0.559012809167776
0.515924803298228 0.491649566979423
0.154269925481471 0.443310245471802
0.885613955525003 0.479668228711502
0.493602624159669 0.604228264591871
0.170302331905236 0.696338572604431
0.582163122459608 0.688882374466328
0.928587305634246 0.682288981171515
0.896617593867336 0.589699322075481
0.893023886417405 0.671178804684521
0.424672027152465 0.694302259492465
0.721210747754692 0.681327068423555
0.972414519536958 0.704140775977588
0.829139924632676 0.651491080152867
0.913743417929732 0.67546023450282
0.912764598009359 0.602584343703557
0.849855518656207 0.605439613387126
0.499257715698349 0.603525134481371
0.90120900658576 0.583545629926066
0.617307156049521 0.699346339707845
0.488082509770692 0.633729574279992
0.939010440347436 0.627667752984818
0.883150298422772 0.622039896493491
0.902227206118764 0.696844205854891
0.51194980857173 0.626935046763382
0.939141310558609 0.603745152500431
0.843465444430737 0.684554170993897
0.48123384909115 0.612426180350896
0.95791780310336 0.586545322789536
0.750187715410695 0.683034435578954
0.855754970964012 0.593267510650108
0.947005382592328 0.642443233447503
0.54627799379131 0.620874073009758
0.833925927886154 0.634262220895849
0.103159898982408 0.706726694759338
0.94765079881621 0.603548120079284
0.694312812032209 0.707884450283016
0.956261706896353 0.658657947073407
0.670329031010719 0.625115233354465
0.786052372639452 0.65283259736283
0.874213498909545 0.632725391846209
0.897487937323966 0.6777406228035
0.958759844096146 0.623763542078933
0.670091646921548 0.691572811939902
0.733339509803796 0.709347592178406
0.70154599281328 0.712904136363148
0.941068421960205 0.575610722185177
0.905211075033463 0.681768009190768
0.794352313083675 0.710880016756253
0.603445891476747 0.691717496903538
0.932072731433744 0.675958475401837
0.924908834813963 0.675744700348469
0.953480192036264 0.622965161022892
0.651427528814468 0.661230610665759
0.619190259273281 0.654171426777987
0.924843318325997 0.571661376376865
0.942055721954503 0.578435665718039
0.868451155397105 0.609260276767657
0.911971849700594 0.597834522435668
0.901524861407518 0.637153438652879
0.824440144013749 0.657796595537622
0.929508901798726 0.583578306953281
0.478102982091326 0.699115331627123
0.884777743257294 0.608237793910607
0.49345742328783 0.604594491322463
0.948501355961523 0.596994075676166
0.485925177727458 0.711634353323438
0.957002631507861 0.659836277429166
0.682681056657822 0.695541154627782
0.903209888992585 0.64733508186393
0.737487246462857 0.633558942275187
0.572931659036241 0.611720730017506
0.957342403740617 0.663759447225065
0.928449421308871 0.576432495489834
0.859105419205832 0.616683134605857
0.931551135166028 0.637649412165363
0.860829116331495 0.590525047408957
0.932411341602066 0.659523121409187
0.377750137766131 0.633654650463002
0.934838191626872 0.572377843631332
0.915062957692251 0.594563287216182
0.921551021329136 0.678301966237142
0.263622620853035 0.665077995855542
0.383129827121963 0.683848484692664
0.121769389575286 0.676560763478853
0.943506633192666 0.602743980901188
0.952575369782852 0.61542789488837
0.893781449484918 0.600928901879931
0.541606806068553 0.585455936841658
0.853136911894397 0.69175841646113
0.83184230199621 0.646062073723459
0.833025566761816 0.619479423460466
0.843449254165517 0.681576284183919
0.171782194161824 0.62232639258338
0.81369055309521 0.663246446142013
0.907470205992093 0.639781537827225
0.941852827094445 0.658607312854015
0.917665588799872 0.669399175129794
0.736360512249582 0.621288523335197
0.837702813076389 0.585850028137401
0.766245772530165 0.680084813289778
0.78789329732364 0.599466900438346
0.892833729454551 0.600851867385473
0.748658012130945 0.580464619035351
0.808358041744084 0.587592631535276
0.878636992423061 0.620674943142368
0.603007406584537 0.621744604705664
0.806545795869599 0.583668090701935
0.894743245859263 0.631462854801694
0.650643136314897 0.673539205848577
0.797969753419191 0.577786553128142
0.607018886253028 0.696836896460669
0.717935998217727 0.63951477755917
0.755232476900147 0.628466916822883
0.67246802797701 0.686361809451635
0.852416554848011 0.653492814712004
0.971076952240577 0.641747752905992
0.719430819471807 0.704490390392443
0.71147297577101 0.676336641217601
0.842774913688454 0.639366245276534
0.785205645013821 0.702391807229533
0.877295293110498 0.590025817935317
0.877179230782243 0.603837730105496
0.948400728787847 0.709781963352998
0.975267090344524 0.708939439985927
0.508466148335 0.592072481115614
0.838374021656363 0.639325004400557
0.865498405452823 0.604143294502825
0.801208744253278 0.667575414480657
0.865177608108184 0.694395391321625
0.933919090363884 0.627968216803116
0.77380425370886 0.695279676727972
0.900495102953893 0.675343219799153
0.971102461055383 0.600278554824429
0.602501870949212 0.589740720273898
0.928081601593877 0.635779254048945
0.821592578387194 0.695095660777861
0.938421392941739 0.631477932674
0.640768486981114 0.583896220391447
0.979392249770615 0.659699006745636
0.893533894325699 0.615868308499092
0.747919389052423 0.712955704765486
0.828007036822628 0.709625043233316
0.935560809699268 0.626196219416164
0.669100339660605 0.700011428397934
0.949556723078467 0.704368782353735
0.915076619447088 0.683345819445743
0.24774321056265 0.685620369467981
0.712344563845415 0.656730874751104
0.549233473249682 0.637756751630437
0.871784799406136 0.698951577865828
0.781780532690132 0.618024021446997
0.884745327461446 0.695028169877803
0.78281891595107 0.637807931441877
0.94285593759415 0.680817549116191
0.949677898980449 0.581638723362389
0.886929985672526 0.713470225783137
0.962642319457451 0.596928771716772
0.607895121040388 0.652277862604445
0.870644100128394 0.633369109106882
0.772723642467962 0.686817715257778
0.877929203397561 0.701958083762286
0.97276345118863 0.589117630471729
0.396725372128142 0.670256204968305
0.70262003559262 0.66557924666755
0.824954660219123 0.637219596463238
0.811914381168062 0.640248712595859
0.957441675281078 0.700554511132554
0.601822981678457 0.693501885330816
0.745696569750302 0.680545361659891
0.952281646086602 0.57545287546155
0.739479631400304 0.589856016103424
0.912264490344588 0.713325226160912
0.694096463108278 0.668588847278944
0.9379673015912 0.616234507514793
0.941852827094445 0.713140776785349
0.855109232668169 0.606037007392872
0.262001721894472 0.696921806330353
0.611823705279698 0.59397749456558
0.731232015927743 0.644537393820832
0.979285730227312 0.63035172835167
0.91266204122451 0.630540203347999
0.781718684595444 0.689623546480477
0.656034055630104 0.674854131798412
0.944375571258071 0.622912483247644
0.882981485710539 0.591397111735307
0.969486151454971 0.585585064244621
0.658703050844108 0.684023192492415
0.778389217301759 0.690857484307744
0.901087902099649 0.571733711257318
0.974984783070958 0.658309593960127
0.798509697323349 0.592802884181266
0.899443906042305 0.670250194418347
0.895563185078287 0.631755438635426
0.862535743323061 0.580056620862888
0.953618083415089 0.670509954949395
0.949553562405904 0.706548647136166
0.631441867243914 0.611607551922221
0.95414915701873 0.587574937429375
0.948755940013897 0.663957945557644
0.867384846603124 0.673790965059118
0.828546213393662 0.695164594251587
0.900767856272991 0.711690338813833
0.772359538881979 0.644643553201544
0.654624533819652 0.70266562413025
0.910084362059795 0.578107403079302
0.604660703496988 0.650170369392506
0.949497066007821 0.682882003245718
0.0959506845942968 0.667716598527946
0.89170732441346 0.645353110817806
0.856374021033051 0.698773168898788
0.617736252859936 0.709753808424336
0.507725399219575 0.684049430679365
0.748997733385258 0.673038491730804
0.732338022672935 0.61182735023652
0.817613682864572 0.599892356361347
0.576426990551404 0.596482275449972
0.770857201545139 0.658578732983056
0.926756849964873 0.712855141346995
0.466959722174027 0.627467996229402
0.661454314726943 0.593995087554968
0.88128298220713 0.702180554482711
0.385470674935068 0.653841806147978
0.749688460211113 0.65029165018945
0.670459406731003 0.666080931425253
0.828438215583885 0.657340365355715
0.755145358022993 0.670628642641489
0.525068184485653 0.694961870872846
0.851406229029498 0.610384780295068
0.664375511467448 0.706137658722049
0.784376958004124 0.676434241086709
0.706449992344254 0.679319014403312
0.637756546606898 0.619986940924293
0.794800496590478 0.693328132497912
0.476604724889847 0.632287540167706
0.746533625149419 0.671693541805157
0.525889004185948 0.712869471930373
0.728852745549684 0.647088846067801
0.875486186687069 0.642189237529116
0.302763764231531 0.590361917508376
0.694044757941074 0.655659342319791
0.590344601928004 0.635398895370903
0.586226052123824 0.684723603654344
0.618419580894218 0.685273547497815
0.699860381935357 0.696366210437906
0.733711490676279 0.587198386015316
0.24247153290637 0.669405067905968
0.85597697259116 0.585382118520583
0.493893464654975 0.669589526280599
0.871352713392934 0.663781478771043
0.85597697259116 0.687628886224127
0.625443395303227 0.657216660629132
0.874677330493789 0.615972002114087
0.874562195393682 0.626603074770552
0.753780317171666 0.683407144507845
0.713426310301439 0.652615299033697
0.453483113222009 0.702801433204639
0.96060082188424 0.589462501653779
0.647213864019542 0.687684375871938
0.972261064009775 0.678235867058152
0.775422499106797 0.616928747162818
0.701762412604405 0.62005045342979
0.814361716793956 0.703136855613992
0.979380043269026 0.701102169842039
0.401894848235434 0.669962617022563
0.927440076793859 0.630741629326912
0.560925662356334 0.63124053799829
0.906487431265788 0.695611911879003
0.849036622000767 0.682903253879632
0.613729205821253 0.658194408188043
0.931931560766714 0.700878940793747
0.929699833194814 0.641079293557602
0.980416694422624 0.689637591371027
0.955908946175506 0.710346384231538
0.656456038645673 0.637366026602022
0.76295842719927 0.70008268694665
0.938786202103645 0.694072902264932
0.405604112098439 0.697926412805791
0.843923643949744 0.706518477469104
0.893560100082892 0.582761958184442
0.962793954443023 0.608544725651743
0.319098301466511 0.660529558447767
0.756252835278346 0.656053440160781
0.832207970968804 0.649430912991882
0.968656583792497 0.710226797926317
0.837702813076389 0.653018285145382
0.948903087195306 0.659796969126954
0.964759568083427 0.655684846278261
0.720257987973253 0.595814481262031
0.8534719504456 0.620658971798106
0.872747785376632 0.626706641570967
0.630175668414705 0.707828414390288
0.538126165691402 0.69987744055547
0.635788601681054 0.671691169571087
0.859093676798447 0.598420991405296
0.957472923951131 0.711798976090168
0.87414589735413 0.64518305291325
0.621627476435819 0.615562315011256
0.84592164653053 0.652597671476576
0.741856212577238 0.675224739318419
0.739956106019395 0.62000204125362
0.915402397297032 0.577941545086732
0.91987686763389 0.678014267844408
0.766021749027483 0.669779913076245
0.88658522327621 0.632286897307166
0.827281332720636 0.573878108454376
0.316588788029457 0.638837387503995
0.963850333431965 0.67444776989103
0.84753712522378 0.579374733667119
0.897204452237939 0.665214162178679
0.859105419205832 0.699524410393155
0.935279386536196 0.683989135961225
0.859593988768738 0.603815230207652
0.981470286952154 0.586244875309779
0.816934319444431 0.636794309027032
0.951075334046822 0.690044999179268
0.806885632598353 0.589402705213436
0.647454670694505 0.698640858407011
0.49118355190387 0.671578514144638
0.422273346529758 0.581135626737623
0.534632831327694 0.62044573095815
0.837844944864404 0.612630352836768
0.906389410962641 0.705425208167223
0.913697507574027 0.614648801718367
0.768538471265651 0.700421454755039
0.588319997861004 0.647499074812032
0.868494476877911 0.576675798351185
0.683470449473065 0.576274518506883
0.948158190265473 0.640795370782322
0.950356107326183 0.624865991292717
0.89511913869445 0.587774607432324
0.719067419937123 0.584931938442512
0.940215968798763 0.67752388179494
0.0386093672719138 0.705107269916023
0.959536345156905 0.699670631343852
0.358051058403145 0.575829267012267
0.932497651286343 0.576734734771963
0.85410571548041 0.618561001835868
0.591716895799128 0.592278387763767
0.958839421007439 0.633575853890391
0.926202361462249 0.670897678673049
0.774209590722815 0.653598684684192
0.743613170960249 0.676285126547128
0.841713335990098 0.637805794298625
0.563170207545971 0.652277326280422
0.97710901647978 0.684576998630379
0.834099767956958 0.617702068450245
0.954841248135156 0.595992044018743
0.94330507560317 0.653985094185294
0.430335555273586 0.681003986716565
0.79756403186814 0.694394050882554
0.636682745712795 0.656825777169988
0.656416702586001 0.642319928946743
0.953044178576131 0.648160096917264
0.493893464654975 0.646852657872451
0.791275389109265 0.698584047712947
0.873944774329062 0.631693634762692
0.380939844708179 0.632860454774087
0.866973225314111 0.640814935676638
0.938031284346707 0.605304136848709
0.485171721286386 0.634113856405799
0.394533366450703 0.697845206473943
0.984661683913818 0.631011129680841
0.979164043747403 0.587565924401617
0.793800832285623 0.709295395784461
0.272656712946145 0.634688244460638
0.608424685492129 0.653447737698017
0.720258335170228 0.593581693915485
0.21723957403426 0.700674224466093
0.729790332930543 0.600017434724706
0.662006607071017 0.710012990460919
0.795519515927802 0.667771686741753
0.749447322677105 0.615131859699046
0.923754193550983 0.674732332809916
0.572267221028966 0.637756077982211
0.667893373323564 0.596931741062112
0.941453211334567 0.668695159831499
0.971641561117845 0.6353912848786
0.831147378089764 0.587851157479744
0.801623313318904 0.698468920186885
0.681790762002711 0.687436693541701
0.973514867064271 0.63396203164007
0.958036954939411 0.687667476446422
0.763861338056721 0.702678011119875
0.95036412835001 0.669952532094853
0.790087212500614 0.576646913957938
0.767048057287193 0.631500309220059
0.46040221387174 0.622806172090453
0.714033090029801 0.600533205207754
0.889691615038658 0.59988567184516
0.146133903826406 0.670902611900284
0.638245451438763 0.666373705142598
0.749573318423887 0.663371084942162
0.866498480881286 0.702063741447083
0.952575369782852 0.609471339173257
0.94133051417008 0.707137785657875
0.609635378754335 0.701384387495714
0.61064860011547 0.575555192925047
0.913741862248419 0.675358930372538
0.387531444690909 0.712523471925572
0.815621940218133 0.685856819768874
0.887147467904851 0.633669960507269
0.817012601228562 0.705904475564412
0.759020347424384 0.705154206955298
0.931507873787107 0.668543756218969
0.960350146634297 0.703273956769699
0.803404599368496 0.621113547671577
0.862917848417461 0.600958939959508
0.947894324047299 0.654645680969259
0.812828734593999 0.636164465179278
0.936612230628695 0.640434965153744
0.931152302710311 0.646965439540784
0.926086565778417 0.596772661411627
0.675671783379397 0.596061598765763
0.694109728606804 0.703464681092886
0.777802321593859 0.712913697386333
0.936214848716302 0.659457071592875
0.858996082311587 0.692840365009656
0.855821872721685 0.689353041804583
0.698540626547446 0.605252785216467
0.88652562156897 0.682878593799282
0.84434010332643 0.644331004735854
0.77710484398198 0.620942187854543
0.813689321132208 0.603300676171107
0.914132382490202 0.585084046854099
0.889038017863643 0.585892243844713
0.958011114787911 0.618540921983291
0.897322246598867 0.623763542078933
0.74754281035627 0.700850702066193
0.728315911713522 0.605849639803934
0.470863909160356 0.574386096956669
0.618453541662272 0.576957449169481
0.907248593352177 0.651575715519561
0.397970757180851 0.591144439417357
0.696700749318076 0.614219854085567
0.953266040592533 0.594474973782743
0.895015859300008 0.657742536164428
0.780859775716695 0.633505767948303
0.942820241338114 0.678818554743318
0.851641505688901 0.595351526249613
0.832985536646055 0.660160213111056
0.809189876581507 0.596304789390804
0.946592762679277 0.661278016497517
0.662829016715823 0.621473191755752
0.867787873643397 0.580428229545759
0.757597901410972 0.579729118429679
0.860343189765015 0.6629483523402
0.902961559698739 0.595587468523035
0.811914381168062 0.670660450965376
0.718575539325355 0.661698022168411
0.890832431951787 0.666555851241376
0.666602970308358 0.641125871917799
0.723144239014088 0.617869542220548
0.765227925376083 0.678598122328842
0.738571477046673 0.70660684763619
0.934960796414192 0.652392385929646
0.641385145493979 0.660670127615585
0.805113769802813 0.681498649951447
0.937493890974422 0.694330290415619
0.47340222122203 0.675109959460256
0.738348250700511 0.610502954473586
0.808272935530736 0.693515539969255
0.864855999541154 0.713774088771493
0.648820588698232 0.712940065930843
0.795004339592359 0.682085023496361
0.458734739769348 0.702526415231907
0.934796986295589 0.648292631803292
0.907078288389465 0.634479621668925
0.829815093982978 0.659833114054728
0.551872357533491 0.682085023496361
0.199903092838041 0.578587891718762
0.860673397497051 0.582962839609897
0.961577073235254 0.638785020497301
0.423819319497264 0.67453137540073
0.749688460211113 0.633513858626798
0.57213333958431 0.665355199826059
0.712755734269134 0.577643056729196
0.817368414828704 0.606687805058934
0.173118274754387 0.643687875632983
0.495266778846505 0.583040433398196
0.529484583373365 0.689136633297715
0.836472636366996 0.631237110222191
0.671420934559107 0.629849546706455
0.854351698891447 0.619046683519323
0.946175349959515 0.598566575498843
0.402769348897017 0.64125312804742
0.93924336625431 0.632775083820602
0.808944286788326 0.624003369306786
0.824249522740863 0.64733669966823
0.816871521187297 0.616422700606967
0.905683776247186 0.601247276160461
0.655347833439271 0.60557401403241
0.364674162726232 0.63168728852085
0.799604029608455 0.679759344879679
0.496425913253013 0.710927544924587
0.906796574447099 0.589339369199525
0.906790458473148 0.622280006032218
0.917025929462904 0.59720368905305
0.539798988968312 0.691143452587668
0.370904586080669 0.593724553197211
0.863642789341433 0.680334246498569
0.872269216761837 0.598844633094619
0.4191835319748 0.623170332759754
0.318560434301395 0.666657416122781
0.952480070308056 0.656832645478221
0.882707895282957 0.616666939737193
0.807813627409462 0.641421125598195
0.246824566942608 0.66679020483698
0.65412335664108 0.707103615373696
0.890104016286305 0.617375490040725
0.790909401680154 0.713318945527771
0.835762742884382 0.615030658915326
0.837226017719077 0.660928757638495
0.864150682788319 0.595718136254009
0.681490122026015 0.614549540036842
0.878235928748385 0.604251383143193
0.827316664078377 0.638546666977447
0.5538748425759 0.630767202704839
0.918257930523671 0.592382249729991
0.820350920129858 0.666355097166425
0.763088645730083 0.657415225045902
0.88707613170848 0.708685982882258
0.874244287496705 0.687064524276192
0.938454195369389 0.599698276332199
0.719451932424658 0.593149965049988
0.303589529620476 0.585453399315466
0.494197607967642 0.634279874923151
0.883628224693025 0.668086842211563
0.962295367208376 0.641312132040631
0.777630300233014 0.628261021243883
0.897322246598867 0.597568340805539
0.96400117798492 0.581518298365104
0.835112526908959 0.649732192320512
0.652842508065666 0.585196570646713
0.894245785899934 0.575181820568284
0.82734657714192 0.622488488620791
0.59219404730558 0.578091302490691
0.349838160346436 0.643696206135884
0.850501487398464 0.59655919798606
0.940619874589563 0.677618998203682
0.871581904764532 0.618015133327078
0.819093688173515 0.681000001386323
0.783515293265593 0.690473715473847
0.845701819741561 0.709816314656136
0.921570936206652 0.623499826020932
0.873096944604355 0.686089502725802
0.828438215583885 0.704621279358741
0.916839446718966 0.689301423174459
0.834099767956958 0.69480538533379
0.903302015121562 0.62845822825753
0.792737019414244 0.584942734361093
0.925747352988369 0.677770523405944
0.916080749455358 0.651868782025007
0.92864094053829 0.634804272735159
0.410161878470512 0.576377803520797
0.9732459462717 0.693830311223668
0.898018675995853 0.713907343836392
0.770431653385137 0.688720268149783
0.248804627624698 0.712334317466497
0.896920289516153 0.692702091143141
0.932373734754112 0.682738002253807
0.638042696836204 0.605460770981124
0.773858592437939 0.573419127601349
0.94883737298476 0.680964682825684
0.517963394721578 0.644364986507443
0.974254355273955 0.638580861864899
0.845975308121796 0.656730874751104
0.207079612010238 0.578346578073791
0.629500583796317 0.710679864199496
0.699617622652594 0.582655761172656
0.821205809475745 0.6437694394078
0.949527754956835 0.648716386391303
0.832443432930316 0.650621256308844
0.926300518530347 0.627466849959457
0.892062550676115 0.666417521623863
0.813277952155653 0.571709695312537
0.814249880324802 0.690382165041661
0.973660857478133 0.620643384715105
0.497658895584767 0.57208149514862
0.701190466805818 0.694866767698869
0.87402694667095 0.710438137349537
0.613827866051643 0.600168683162772
0.874179556206947 0.572610622404112
0.952758766984662 0.637906976398154
0.717362903030387 0.667791607837692
0.960497144399789 0.57493252674561
0.94966949742897 0.703858204616549
0.727189052137675 0.627966169272287
0.278284626773021 0.668841013562906
0.93544014936297 0.701603896943049
0.826901283630289 0.614430372024519
0.764782394669258 0.683191908203015
0.792737019414244 0.647579999938246
0.712993737391647 0.675767439630428
0.73467838686458 0.685484183674894
0.535482750118184 0.670768750273615
0.828945227628587 0.606053836987988
0.878142028733975 0.713149369896425
0.882799899559814 0.594531434955305
0.586843351050873 0.621432662350762
0.87644976379636 0.712499224016271
0.721522314282792 0.623170332759754
0.852045893078664 0.679938275487901
0.911321297852458 0.584407586349129
0.924102465664451 0.696481828207668
0.965945071160034 0.695858893621571
0.560596398269693 0.709432612470993
0.745490623851799 0.69884146569679
0.973205579600085 0.663881708355414
0.241564363943338 0.683306940298022
0.843077117875044 0.699494590995489
0.614580376481633 0.588016301266494
0.414373099527044 0.666786435076677
0.766566262313923 0.655037390512746
0.786474041926759 0.646689625264688
0.392167572920893 0.633440045408304
0.858723585765023 0.606232142022777
0.847464364253141 0.688842024437689
0.858923998921878 0.634809939177878
0.87408028913862 0.582570981057358
0.963789095860822 0.658594734803105
0.88865310217732 0.661175662475128
0.845800073977537 0.696966234313989
0.297527819046974 0.631663848711044
0.93714201997791 0.644228896866976
0.90682545154301 0.707865583505801
0.753603637192431 0.671454407028185
0.816231703534959 0.606040118567251
0.972609643097116 0.603837730105496
0.870229687620357 0.703408737944259
0.851656515819923 0.618107676244645
0.644103578297922 0.691309030111621
0.903597219433718 0.642189237529116
0.965484788228666 0.614480827633132
0.880195710647204 0.572479436944745
0.610811592949445 0.650647609046534
0.939636675192934 0.629599745066532
0.899484966542766 0.709226587780086
0.906515032606983 0.711343357432078
0.756400832297833 0.686550518035518
0.932335602098439 0.645128392170208
0.893972079447545 0.582778033762316
0.961390245492883 0.676316935057093
0.962295367208376 0.69206421495628
0.903677045277655 0.640370826994243
0.81267100366766 0.636349836054212
0.619959590037851 0.61014694197615
0.78349932232299 0.822555430054522
0.857267703253717 0.774412184062617
0.862670864812996 0.721720683935209
0.82087632187309 0.740096933991581
0.769404230049538 0.819001573523277
0.898916240030121 0.768938306814689
0.626748526669272 0.776227584415144
0.915949525430494 0.814027424751537
0.919198380266309 0.829317948934571
0.777680558874609 0.840815350368409
0.818925085609867 0.750796583091505
0.681113887985639 0.725889213984973
0.538006556775493 0.850152121286454
0.151395413014602 0.722752840011871
0.815924639391563 0.824478728414705
0.609672082099624 0.770180906559841
0.739013986088146 0.760578202633782
0.514188976307903 0.727374857199343
0.836194065981755 0.784825695083836
0.781316572781037 0.782328011653448
0.449554768348199 0.832382637148426
0.872333291190613 0.831728009644242
0.820130292064409 0.825883745617927
0.577079498022681 0.747051995440778
0.612167590032192 0.753150133120079
0.654286148030095 0.739825102630515
0.833258709522312 0.720052609254481
0.710228398222918 0.753072624805265
0.712122209186245 0.72541184794827
0.281639735868093 0.751753440353288
0.748965521640841 0.816348525094234
0.870672040750688 0.742962330159522
0.940915256904587 0.84437365155101
0.38396820574277 0.828836871006909
0.777371444910041 0.783487434147253
0.901763648791979 0.814386430548082
0.756247755021814 0.813296174704829
0.488976143429643 0.827963490353874
0.857837089701837 0.836751240273935
0.768890238768205 0.721073882653978
0.778534374166966 0.846830339003645
0.432839796311692 0.725216165383751
0.687512222518688 0.750303630364808
0.857518409445666 0.793743958261749
0.564251552439316 0.727426066590417
0.662395906692284 0.774411731029742
0.577997103438002 0.808162591416011
0.656041154400737 0.790850940054517
0.90967409287809 0.834005987054842
0.74472996612311 0.775426386222259
0.913688759284591 0.77025437244159
0.703767238456599 0.751989988137441
0.911776508460208 0.727761607038101
0.603889445295839 0.814601686903576
0.922457835197958 0.851502245067735
0.938562433064782 0.71504759746482
0.66746139633028 0.794988975003756
0.506313478610746 0.731412835840877
0.364599111509698 0.79419394281441
0.836346269452487 0.843263474356649
0.409349887995599 0.842542506721149
0.900688121450356 0.842859865250717
0.664729746333346 0.788805305733555
0.505513970035637 0.77136431976265
0.900243677194975 0.804450080052485
0.66986825870938 0.758384725075172
0.894413406367786 0.769810180518216
0.657751856501287 0.78821291369586
0.857362140846539 0.748600092697656
0.950100477064146 0.789290916346104
0.923853331730801 0.849370023536855
0.240659685366284 0.854435606902661
0.947752554139953 0.814577156199621
0.346096740450501 0.854881895136369
0.911550169939515 0.790341282585233
0.911606731270851 0.801755634224868
0.788738851136085 0.802849660535751
0.481999465993346 0.848860578705784
0.870316885794553 0.725452607196903
0.900634026225855 0.71621871921146
0.604176267737846 0.727480089662171
0.954888857293089 0.72422903599526
0.891853748711629 0.841472283519804
0.396525785626555 0.771796594299127
0.901676071027269 0.838829534386558
0.951693214351611 0.734935940645884
0.556773340540805 0.823266770864187
0.125078683436872 0.830596849808672
0.874496440155725 0.767645679669845
0.820734228731357 0.788682493986954
0.842534446121241 0.811637099238343
0.518185000929633 0.825131004989123
0.793377694998215 0.812916760086072
0.76461371752592 0.821930023139421
0.640901763046206 0.803591222425335
0.585427433410852 0.810769522559249
0.795263189549894 0.825491795515958
0.76085835409766 0.753566583924349
0.936583725825894 0.816553532583902
0.582429372328132 0.844264652351929
0.84191949307036 0.745955668249093
0.464800818861196 0.722624546631095
0.912556362866044 0.763612351357216
0.940348565395556 0.740609803652469
0.604176267737846 0.829717235287283
0.952691372188652 0.724915600459535
0.864636913724484 0.742042071664761
0.81595608684159 0.795915408948679
0.391810946645816 0.795929030348077
0.772376749948248 0.720019463752401
0.863578313814594 0.72252874072322
0.76434010852721 0.833495977591452
0.888797546419071 0.817488294458
0.318235699264232 0.739954291246898
0.959627494507691 0.791836003862719
0.495487710833711 0.756174355151672
0.934332386065203 0.837910887790049
0.719592727721637 0.754850294944061
0.888130540773477 0.854845391570115
0.957158526612596 0.791457927161067
0.960632731197932 0.80272573353659
0.770117726907546 0.797181210317114
0.351476978291628 0.735771317918439
0.864215048541614 0.838401207071195
0.931392697789085 0.77131292673955
0.865002972607258 0.722333305736942
0.39688694004394 0.812366556703468
0.849839624960582 0.766449312288213
0.895327176760921 0.794522129004917
0.824223461884145 0.803697513097714
0.772806907230938 0.785462642337775
0.766260896438711 0.733127863960667
0.963834305533104 0.794810045871745
0.391391614609033 0.753196278433766
0.901273460289123 0.768041283665639
0.913625205549418 0.800793069485052
0.957222454095976 0.814604172936803
0.668768960391324 0.748252013233818
0.879518346986975 0.77663653373566
0.850458008277153 0.788227440157787
0.715513120716227 0.724660746549343
0.227188422887845 0.79312470782994
0.586178962246929 0.732701060291036
0.962375757607765 0.854972385896049
0.8985509803519 0.744351408327314
0.732433604103018 0.806440290893546
0.720698579767156 0.735725100758883
0.809023877177966 0.717821303424184
0.822355683670768 0.8546212040425
0.946643178591632 0.822459108307845
0.347642477163598 0.822775665228544
0.611423214881315 0.849186430937285
0.835777122192999 0.725517768137629
0.814914534746731 0.856208868671837
0.904336673358006 0.801399715542278
0.749154764067622 0.834517501084925
0.719702068407622 0.757029338975975
0.145784423383295 0.718814806471409
0.44128429751018 0.750797794958867
0.836582559722306 0.749562445562639
0.846788851289967 0.744309951635725
0.163898560436134 0.838195488243903
0.757261688762597 0.778483563758744
0.7021411747055 0.843653023563297
0.550428405560988 0.780956891197423
0.767840707898839 0.822996436550526
0.861366527009292 0.794720618423852
0.885531305941569 0.79076442159889
0.847170413319907 0.759832572782639
0.96320684553623 0.85645159372534
0.663021798352358 0.855074752728682
0.896503908716011 0.7410493352944
0.402739698274323 0.720956122329632
0.86135547955503 0.820687838109503
0.897143114880084 0.775497703500032
0.707916025415053 0.804948197742625
0.844903553901706 0.78714386249161
0.601509522695159 0.765059223944809
0.417748765447843 0.849149960901677
0.771058692459535 0.813660738364371
0.840475369093138 0.717156887445551
0.858814746500578 0.827529454284073
0.849781826890942 0.849067850843826
0.954793472915043 0.820019535729075
0.861749260476804 0.760067710808955
0.264622887712908 0.753108024527981
0.876214313920014 0.716580845229227
0.906617416350474 0.850614901753552
0.91293472818509 0.715056693503747
0.662941494440898 0.729255983645526
0.947303745639093 0.804273022414154
0.651831471630074 0.788178897003418
0.950100477064146 0.769088975466671
0.764354593824444 0.767085834447217
0.852910397496985 0.818407755477428
0.905697707251751 0.790585281676737
0.623072413751686 0.77245119174467
0.846041414771986 0.720537301419544
0.914946586420193 0.803331433992267
0.27246357122705 0.855009688588698
0.665539338539447 0.77371700638927
0.874079686804837 0.813845290671841
0.199548437353586 0.746735047334206
0.855192185495377 0.77649894709234
0.801649979032599 0.828909518586317
0.777109333842809 0.818978533317135
0.392247436761974 0.794401658090868
0.412526876640564 0.776621578647352
0.899848848409094 0.792852702418751
0.416290382821563 0.827502205809419
0.194070724507511 0.835617816480515
0.825272050195313 0.854244794709476
0.497618050859128 0.72638316690115
0.71021184717417 0.729533570940658
0.771974341331188 0.84360067103543
0.850843042355637 0.810727357908272
0.914355023141933 0.813484003233216
0.673467356479723 0.747964645035577
0.861238097017321 0.80470768261946
0.496699421335231 0.791043506513747
0.898514365327478 0.783653691732272
0.791712397398242 0.733146903247107
0.605646080923855 0.768418101485472
0.870059370412052 0.824452068392452
0.955857273913928 0.798555539306762
0.763883955427329 0.801577788633531
0.865212352404746 0.782473841214859
0.823080012276596 0.819365910541928
0.949273835238555 0.736003346530046
0.378840391174345 0.856304474841554
0.224603071507839 0.838169075827078
0.876991950141963 0.822393861592769
0.657337293502954 0.748742628564577
0.203187251231745 0.784695872633859
0.858656271304492 0.759016199926938
0.916616300376525 0.798314922726024
0.931026572722306 0.801333657113209
0.901922991834232 0.849369807653777
0.471365474785231 0.75724585578164
0.944652511333397 0.736630313719689
0.389586416433359 0.728075908905244
0.867616101869756 0.832450626024113
0.966102110209202 0.720014460291547
0.801693334762118 0.856241120373087
0.714618898074765 0.791622070029924
0.949070049439011 0.727274201356139
0.966278749732735 0.851298651967989
0.899933439845275 0.780442846214617
0.789029381327743 0.831974776605642
0.697166611933035 0.752182711048771
0.967776053563678 0.816989262408265
0.934907090731679 0.771402121309367
0.889012519238602 0.742394102036524
0.794848314815727 0.791367732902961
0.922622942502314 0.762303363606403
0.815887833824499 0.742505541809655
0.752531545694147 0.84996153411202
0.170119762711149 0.798182199831735
0.974078531967141 0.742870450715073
0.899580893123012 0.777805148557436
0.831675729435932 0.718563585012654
0.640997542705981 0.740115187346246
0.845604817917929 0.767290854128801
0.846788851289967 0.732270330710932
0.850458008277153 0.767702450399446
0.867757032206087 0.796315778365032
0.541792505100768 0.797390999277017
0.785987387828915 0.7398948828524
0.776697432311085 0.789143134092325
0.451754985925411 0.766809163586691
0.805913830811567 0.80840805101775
0.887630797168182 0.734006453550319
0.618138646664795 0.755543809214827
0.668768960391324 0.853673409876704
0.596409226406386 0.720226717140624
0.725197882324222 0.810682875631728
0.925809285471359 0.76431646852915
0.902200636000959 0.852564241473259
0.387444691064299 0.815909310076272
0.555072172583555 0.729646519510681
0.464771795401656 0.74715556363728
0.791885411101312 0.734195472946463
0.553129769514098 0.836050086008378
0.773673540688964 0.765542329628721
0.764068122373669 0.721848265325774
0.764961500056002 0.747764113662527
0.964076721867687 0.755468933096815
0.389681996084816 0.856661235101652
0.605247671333153 0.762440419454827
0.740833939984385 0.844739534663592
0.844644515244004 0.748086896911243
0.839596824223098 0.789757316077727
0.800061727417041 0.853534814865389
0.936846703865468 0.75267878085956
0.932243887476209 0.837477493089988
0.497567516908122 0.777943451950784
0.715216337180033 0.829230755347353
0.882777350818167 0.842200615238687
0.685795530246601 0.83253896869193
0.928819428317848 0.758384725075172
0.880922469912149 0.717285785948601
0.929734543095035 0.829135673821906
0.867629437136516 0.803834099198622
0.783601864260724 0.798281796581128
0.365739469168986 0.717061233407514
0.827877930266215 0.753853407322916
0.783123911708971 0.782657639666385
0.775793309914541 0.78139324277578
0.794659781739604 0.846531902447532
0.458982030233783 0.790040460627507
0.930443056575231 0.847650678688322
0.859388569855605 0.850562176514941
0.900313184556052 0.818391067740285
0.791913635793907 0.749233153516407
0.542902970775321 0.850091589819244
0.900634026225855 0.719255125509643
0.856188574533031 0.78216291909459
0.340448335046952 0.783585216464268
0.749638017589143 0.847578380979778
0.758493187626958 0.849596718977548
0.910269419741892 0.734832877787011
0.865212352404746 0.785126243135728
0.918371741609182 0.755207420590672
0.918839521210858 0.804795960086855
0.896023062112092 0.724077277072028
0.940632850866558 0.805425160626346
0.172461173205636 0.750114167869406
0.820172189365266 0.831806604419394
0.69942034343925 0.738271398824084
0.906705125470901 0.837955263571461
0.833892605991328 0.811220621596185
0.926138260784845 0.774447860223707
0.923934600075412 0.751956987124773
0.630991307965717 0.74029451962898
0.638568267613891 0.795559524913862
0.95800124587776 0.836406019294781
0.793955361985244 0.716053638464171
0.875728957756684 0.741236984326047
0.914174404604332 0.856497367054309
0.759685972293559 0.809809762668999
0.935875743164301 0.829041280768804
0.725275412412081 0.814369470085423
0.917237782988486 0.793473574243239
0.646805261159667 0.808655962649288
0.799895886262702 0.801194133989264
0.758063519402179 0.856944211603909
0.904059413243779 0.753905987341053
0.912936558056674 0.7231926810008
0.731185861222583 0.72137379476352
0.660270815779193 0.715314631780394
0.890686828533072 0.832540047233812
0.792647066205686 0.79692286933551
0.857687593954096 0.73006012649108
0.630053430741649 0.787879138208751
0.91216094522046 0.774591965524052
0.565548641271929 0.759263032484503
0.779641966263107 0.735254339744662
0.727263386873289 0.756050466239578
0.771977652120022 0.857032943025635
0.741947950237946 0.71445590739424
0.699035032222249 0.815063969864249
0.803136303040861 0.748789118813348
0.781882644760412 0.813053801980505
0.852570896581564 0.832496081037039
0.462538418937266 0.7305388584465
0.864794308032693 0.839259532170914
0.913059686957271 0.833312734420975
0.471571852269233 0.717313325682025
0.939771582775452 0.796147444355464
0.388680672364995 0.726532481851876
0.759143385656312 0.808494919601498
0.670253919158456 0.749913152413987
0.885975625531053 0.849815453179124
0.841324775507509 0.800846475426243
0.874917142504989 0.801967898582696
0.898945389658616 0.771283403845566
0.888931022661049 0.815530167578827
0.861717017542975 0.835695610295624
0.823218560291612 0.824707550696119
0.963113298284847 0.802581896895755
0.89404667909366 0.766412144883746
0.752793996506174 0.735722070473146
0.672624413406351 0.84099398959036
0.756075811834456 0.762155894000861
0.931786639180981 0.762051016668705
0.837773351653238 0.775944250236404
0.637467743118567 0.782287953139496
0.660992296936609 0.734636942370771
0.80117545004408 0.750336787291451
0.85244671320165 0.822250873348254
0.538868337406188 0.76101902272937
0.436699105447276 0.826027735304649
0.957158526612596 0.725096601709219
0.611631804437737 0.83844169778195
0.718781901432098 0.807172260428932
0.516922454194654 0.763854533574503
0.857363583604913 0.731535510390889
0.797926057958989 0.762015475250912
0.895689056506016 0.775394742749972
0.677896236928054 0.785352924609896
0.797728416167358 0.755553265998139
0.849706492863509 0.79648877746107
0.9018120789252 0.786278876299217
0.392917662674658 0.855945210556856
0.953031908291297 0.84316523421628
0.794550085849979 0.844066269026767
0.215637005877795 0.778089284708633
0.759367356641405 0.729254687028041
0.598027721949057 0.831137552569837
0.741340974504607 0.730112566434928
0.959121168694369 0.717922127199632
0.889738624309472 0.846722333400662
0.544175914286084 0.724650693100845
0.783385651096123 0.80916874077073
0.807167176920146 0.854436809937763
0.856375848096059 0.820403535904487
0.976624233517426 0.847819625605762
0.882081924947935 0.737721109200924
0.773330515245992 0.824861714652409
0.652836944758463 0.771577711248309
0.765375646360788 0.778945023270202
0.832061581410756 0.801928150455602
0.916452481646539 0.797198253745212
0.794430564520055 0.822039281272295
0.874180837554067 0.798128346350424
0.157617220133451 0.719074486828309
0.518971045200772 0.808994787685755
0.908036086587127 0.721958849209715
0.697868935660244 0.846676207122464
0.767840707898839 0.723084539559013
0.926561448082818 0.761139884977215
0.672428505574136 0.773988776154947
0.6130492842581 0.821830154337229
0.892150976182204 0.750841503439245
0.618221743277097 0.855219741972933
0.812443100234426 0.757258468447594
0.703985632981777 0.831768938120662
0.681514850023573 0.780328535371106
0.921069644823755 0.838692203999315
0.863847189413213 0.843431556073141
0.940507996058227 0.789736855569655
0.840436782875687 0.81828853174889
0.901855205776488 0.837548970394206
0.710762619912643 0.782018779888259
0.593927626189882 0.720271764370473
0.658871749496691 0.776580558425249
0.500607646716922 0.82424542989116
0.700434022041609 0.737887146913775
0.717412093756285 0.791003343891924
0.857967920606657 0.755919057658572
0.456958909306164 0.741474040144622
0.920446048519891 0.737734376943583
0.52788239094738 0.764476299127354
0.911196067314968 0.749170467207076
0.792191691918395 0.801948959245809
0.845602079526028 0.826654805495943
0.863466479523141 0.82666677017465
0.971616374377528 0.77246671949612
0.89948567784397 0.797467084856793
0.865571764174796 0.722562142705553
0.980923216643173 0.787775441095452
0.197979031141004 0.824783673395034
0.484661686872259 0.856194485724584
0.912541506091519 0.744540749361016
0.974367259558542 0.739175764052257
0.713743535551224 0.847718789727468
0.906617416350474 0.83181218443248
0.681040809228867 0.723085792311196
0.971408133427676 0.722942930875732
0.868275540055896 0.752092825327858
0.737767425339672 0.835588984658852
0.770302469325897 0.806173566002688
0.407583104153385 0.808977585441482
0.934205710092728 0.77994474559125
0.543902951368855 0.842030256367246
0.803622396931057 0.737557123831776
0.45079132597151 0.851313174404181
0.897880221075942 0.814756298280689
0.815839550545649 0.850826943799209
0.542721266813676 0.824588786592557
0.963635883501526 0.790451829597234
0.933595465432244 0.723597354914037
0.68306529523402 0.751659833328002
0.0570169572055183 0.715910901024932
0.687577581678418 0.777964743728047
0.973817628923701 0.7837516861423
0.794121632356979 0.765393814080656
0.975279771597822 0.738372701051643
0.955709239310661 0.730862415311732
0.888884299569347 0.727256956779721
0.766075679160984 0.839918910023517
0.981389416085293 0.823538072801875
0.861487192930522 0.757116863203699
0.668768960391324 0.717226989460478
0.618066418758009 0.789295495964708
0.878716398162905 0.812625641679469
0.898161172818667 0.762032977764378
0.874408558453525 0.827567596913936
0.824809530945949 0.798869642799831
0.732972538795371 0.793948730564831
0.567320452342121 0.791192113391986
0.901761911458574 0.852442514103887
0.754096509970306 0.72018273065545
0.591291812673206 0.748575837066648
0.780099002239418 0.757381497214919
0.94355293828051 0.755600997689524
0.0791123878791554 0.849854157533869
0.63872190423875 0.716614753285095
0.714807394109726 0.854391661946891
0.697868935660244 0.71625605031779
0.772625203740243 0.74895919725625
0.567320452342121 0.743309290055934
0.561199589394882 0.747862637754796
0.746364856117616 0.719742559112048
0.370663635320167 0.803030037167831
0.877406296243309 0.792775948259569
0.843987077718804 0.833011279241971
0.73068492050941 0.834472165889616
0.602266610676993 0.824864903146511
0.874473115619141 0.729124229785248
0.843563085099622 0.853879416425289
0.736453509121256 0.836135936682413
0.843450428298568 0.740965776512996
0.518289243051728 0.745161397957618
0.832545403032119 0.838466366105078
0.628045900649226 0.784469010888472
0.791512926380814 0.727614606929398
0.917585946605234 0.775018260187005
0.689783575807136 0.753729864354225
0.732634593514664 0.761232498704276
0.764654180511591 0.836119479760779
0.505973540710967 0.733443996156451
0.784901985511031 0.842382953587989
0.944714969285478 0.848653934453309
0.385311991780156 0.7156202104913
0.868825294623586 0.812708708977
0.895217413205844 0.791247342676775
0.963296498291996 0.830512388036351
0.898497182572805 0.76107269256525
0.389520694264347 0.741149311611026
0.598602106459501 0.742900297473672
0.676427103541122 0.788649475195647
0.829981763521656 0.75484684851449
0.568241264261242 0.855974088000938
0.528214137937518 0.749802987106344
0.954675358266153 0.825020937679607
0.658691848352452 0.745482166506799
0.594941486002829 0.770255138482328
0.263553807990174 0.854276249884361
0.902524229483162 0.724598296733805
0.860692795309965 0.743735500581131
0.702113669402659 0.846002358395177
0.74289362683217 0.759434488142338
0.872107760183876 0.83988434834891
0.937326173110705 0.806853377902037
0.947332316022527 0.762656565122711
0.685438131770304 0.8392724825384
0.702641112326246 0.84323364134029
0.37044649443426 0.779608542790827
0.675991968996789 0.746387765796055
0.948988536389238 0.763160999324924
0.938318794894093 0.767386977733258
0.466349199762081 0.743178774400824
0.506055057798085 0.778849268574271
0.624361378740678 0.78454941270152
0.608015811124483 0.773034107326026
0.922007791188011 0.815410451411358
0.957242317860578 0.7846086626056
0.92338999454587 0.852624598762397
0.51493696464702 0.767699766666113
0.383945260388373 0.824037695745788
0.634588572623074 0.818069161724799
0.631736258240119 0.779585634888827
0.729342354548515 0.839918910023517
0.806697445721234 0.782484259088826
0.545203418834876 0.798502021665785
0.446332717647208 0.719491390137694
0.914946586420193 0.829062501778078
0.211205763602997 0.776912904851114
0.436350038344511 0.843881355629176
0.769111085772622 0.740722548951289
0.788568629729296 0.731737615861497
0.753392374995095 0.769402162507959
0.694063797215533 0.821780936728017
0.828090907506811 0.814887917838536
0.513478810738777 0.768064088551089
0.80487887976759 0.734669867078908
0.626655278655487 0.841727982681876
0.724173371967286 0.765504276364257
0.932992474592665 0.829273017133613
0.703053684816034 0.765611569815699
0.690418692807903 0.775114103641289
0.535548256051072 0.770466469847106
0.904856603806086 0.786969344444068
0.886270842299432 0.845311756325221
0.783959076882276 0.782052535852556
0.439028321758652 0.733864671581138
0.830350755823583 0.829254148297188
0.909551130637043 0.763354005398761
0.775015300642326 0.758742707283578
0.636243406471099 0.787989102470614
0.916346993890024 0.787529499190262
0.775905966401466 0.740117551841238
0.820549126652396 0.842527034517706
0.97655628227245 0.790301415790134
0.332385929516992 0.76439148446468
0.838145602307029 0.841918652875355
0.581003776817467 0.772865847819354
0.522388313857736 0.77558510692768
0.939579299230998 0.797041298724051
0.781875236303891 0.747726527153307
0.780470814446812 0.773526327744625
0.719416786273667 0.825295019518841
0.397640054286909 0.781066290999322
0.543486879619319 0.816049416014308
0.79476316923153 0.750607130132185
0.900452047310962 0.716372007752984
0.952221603000316 0.780086478811854
0.693123265689735 0.748322172951102
0.861003472645934 0.846035370999842
0.587524546353728 0.814004104477005
0.758882032532416 0.725721094093595
0.937206707092212 0.716285260547995
0.704283302586743 0.750552047822505
0.11770482109257 0.827436044028495
0.41781887779611 0.76101902272937
0.958791427284058 0.765463461909658
0.924792619367365 0.809411947176743
0.932403402527335 0.825146491612294
0.696624135336567 0.824875503455721
0.438588873715184 0.788943422089072
0.632633160366115 0.814277705821306
0.746787459509208 0.743896004266116
0.860388160795149 0.726634067698789
0.909627819603185 0.741160322592259
0.95819847647332 0.818627188889614
0.920264847587745 0.730403654755185
0.962978439766097 0.715273607199977
0.705369911501803 0.81162403157301
0.95029349556734 0.848106451739696
0.83849060102368 0.725605082917187
0.905069208427582 0.745395646451002
0.905055847334735 0.828119092366537
0.788738851136085 0.832682206918345
0.63883880848259 0.781956087064864
0.882596712492929 0.76855065310932
0.593766849471067 0.813589273858102
0.943099425246714 0.791280277332443
0.519763746158213 0.79952944882689
0.402739698274323 0.755001298758989
0.602877027905902 0.772613399308444
0.930189660732753 0.774651081733833
0.928785036676108 0.791041460202412
0.612597465346512 0.775240309714662
0.91044339041326 0.849228982421126
0.319265334777715 0.851898939368147
0.66903463651312 0.759652645257913
0.72477823929588 0.731662972286071
0.646092223779502 0.740037056143204
0.940772423840056 0.746456649747828
0.875482271633049 0.830603250762335
0.803135894573051 0.786117255819642
0.520409296328104 0.834503687224361
0.890900355960009 0.815991360265616
0.732005691610532 0.722984287267641
0.857288118343655 0.790623086657575
0.681982829670137 0.840724263657517
0.739236845056457 0.739579500815721
0.911307974246612 0.789036470793793
0.980464836416772 0.821466276695033
0.91321246469443 0.780537306268107
0.704909769986701 0.794047448932217
0.961998190845229 0.798529183438111
0.705069480471316 0.718234051310037
0.865420472208378 0.798141329814251
0.764068122373669 0.828712357501614
0.75896932348927 0.839646062017341
0.604068523171625 0.737734614699401
0.719286061512432 0.806563544976209
0.902905420883076 0.783807996602521
0.492040278850181 0.75194240648346
0.408638261844281 0.817028965225418
0.77661487360546 0.758075104583568
0.762697462074048 0.817965320544509
0.758402848823965 0.787183902289692
0.878491674702985 0.810819107197922
0.894049623090346 0.856263950510007
0.791740312869632 0.850626054373266
0.915763987752265 0.846251804909308
0.556920823314808 0.790775062636272
0.923597790219981 0.738199236838131
0.958876491905092 0.82739714207002
0.709495877383483 0.854632607984055
0.689497452352923 0.720022922360704
0.836996460960268 0.796778504178347
0.470815994439555 0.853091657198261
0.784713073286225 0.728862707375443
0.927859331306533 0.725091470369809
0.437770736348579 0.718686800965394
0.519517156869049 0.838337924527282
0.587952457706524 0.844604747092821
0.199144570708228 0.821049713293786
0.66211379685432 0.813989169751869
0.913667716097123 0.835041493396338
0.379146874163555 0.829617997098415
0.0940252440989906 0.788944739788747
0.844495892697121 0.778721119617851
0.790740920327312 0.842078351187783
0.755428638934358 0.805899269323559
0.685863901591167 0.850963694100167
0.861767850884339 0.788665160685848
0.570380543989908 0.846172268264754
0.790836378040088 0.775001764245357
0.733544754014051 0.737015837520942
0.375561458238438 0.823718920929531
0.711478112197543 0.837260177241657
0.910603425274173 0.788352288508013
0.896685889780952 0.744438575844997
0.493394160612742 0.71934499453036
0.953572526913059 0.736852424507495
0.492045521142874 0.856395132779343
0.796336452883676 0.791041756384077
0.262751067788311 0.73930966584152
0.719547427648196 0.758703195828445
0.220592823800174 0.893326105452772
0.614365461320797 0.911734420799537
0.345547668816824 0.873363455739177
0.967443544684467 0.931495865182601
0.621122326101606 0.889322657098623
0.311788047552919 0.866589674434052
0.76020873783464 0.930617599723775
0.421405987002335 0.938026313779307
0.935120971518281 0.878759602223136
0.568236838376938 0.875957570654422
0.89841449768104 0.925851121169138
0.838814504563768 0.905443499303251
0.834644605655897 0.946006046533035
0.843529395810735 0.972480227758485
0.675186100250244 0.861598242983962
0.258314877339665 0.873174039284957
0.797966060720079 0.976093978105026
0.492691326975443 0.868441797038253
0.83614817721007 0.860137555368082
0.677206780635734 0.865267240985551
0.941837541409166 0.925043616020012
0.802855872757654 0.890827041656046
0.811758989363991 0.875097366628726
0.940337459594261 0.963499724674148
0.874712117494597 0.903095130594928
0.77711931594997 0.905528486993327
0.5859626387398 0.960797107629787
0.81543415558124 0.938725874468355
0.698595621307221 0.947075215344562
0.470625612510099 0.936366348555713
0.904913069506907 0.914006396546163
0.919651507350803 0.956478621006983
0.870503456953621 0.902515221542254
0.8379425108598 0.902508618122413
0.791312676264275 0.883070618948696
0.88396603621139 0.94737006525453
0.729319159725782 0.864310542280494
0.825236433375163 0.951192634582904
0.883814082228548 0.973933174138645
0.338480163112639 0.983252714125515
0.743827959961547 0.880347647658611
0.487599336860385 0.923915419525006
0.833685236920158 0.87952737477279
0.784593582357417 0.978370064227888
0.639567915734058 0.892537422192709
0.751158027236897 0.917841061195046
0.79451898788346 0.857624566205274
0.774328073394039 0.975800318718324
0.962282131861084 0.922094098956503
0.870778339708978 0.873110815154926
0.830795541449364 0.863668042452902
0.849712294075771 0.922711739667178
0.792358867669658 0.91823707118453
0.850650865067046 0.886893678060573
0.835989359188972 0.931077833062282
0.938248229757798 0.892854825808513
0.819693028303548 0.904654636290904
0.872943024398256 0.874132564634214
0.879400391145108 0.925417367955004
0.763916528368945 0.960748698010048
0.720397280472241 0.88806346104423
0.925620894522 0.898218903076622
0.915567078168522 0.858017891603579
0.905681117721703 0.984151536187026
0.893612903252203 0.913893952853645
0.753461314400631 0.934018478952042
0.889052530220811 0.954713000387307
0.946361925269425 0.949085576202324
0.939169430303985 0.887019971802802
0.918506460868891 0.967169586198447
0.753548184152604 0.860388421701209
0.957683521716904 0.964437049815538
0.40552298803926 0.957986997830739
0.893888390798335 0.916077568873312
0.855498412748426 0.921462182443676
0.936286743612133 0.884902360451894
0.882109128225093 0.888862275122907
0.257798869713981 0.867950698675543
0.843529395810735 0.993844702383709
0.918338544473082 0.919269303696682
0.72026899646206 0.933643279256169
0.907218611288398 0.875413939123671
0.702241361255653 0.922422999405304
0.853229751033409 0.875842536398562
0.869837261020146 0.896064859827276
0.811295452612702 0.909634978907401
0.925900419762716 0.927284625852446
0.854486134510427 0.91849288094084
0.571400587473617 0.873650032124265
0.920390075706176 0.87006152321477
0.457918024440846 0.879681257315524
0.753683031260818 0.912835834897947
0.809143173340988 0.901831094988009
0.91348541545913 0.883544291856173
0.752443609177085 0.946980573077597
0.906152536281893 0.861211472652425
0.816134577554131 0.948889964906765
0.957972446343349 0.917269613234247
0.457071706365288 0.969374126128528
0.747915070533421 0.93673527322237
0.907440127650653 0.877495327724112
0.724148298222223 0.926358185018569
0.522688511358216 0.859780169681758
0.861184998677553 0.895752236312606
0.626846086859149 0.863919576574636
0.214773346710393 0.906032557755737
0.88922425002548 0.869187626662761
0.804096659831346 0.906638970077195
0.14943772179846 0.927037482740697
0.355828175386349 0.909778252417853
0.952253746111005 0.935393896128761
0.769489219773909 0.905033548032748
0.624236158968613 0.977514286158264
0.645260937061608 0.992826617803253
0.662736821699035 0.950473788979808
0.243874613844566 0.907740549316486
0.817648194308889 0.93702968094713
0.924970822790721 0.922331843347077
0.375746234421165 0.882038523882568
0.627696284235294 0.875876262681545
0.866285850716336 0.871602803103424
0.633948529362885 0.968093238062384
0.921676947157919 0.960205681547512
0.263084588375548 0.933989008733895
0.754591589520165 0.866708616032974
0.274112538933848 0.886431769727267
0.580499472022173 0.908682080360688
0.88554885177729 0.969354534347544
0.725093301828652 0.896334876177255
0.694833807387009 0.866055204900029
0.977910216039172 0.871784482328736
0.826059007675148 0.913079889190258
0.678418758026906 0.942249177125396
0.407019310441176 0.932522378762514
0.694833807387009 0.89860340145109
0.84283897883044 0.896480045397997
0.830187449905235 0.864296599298802
0.866868264178937 0.88852671060469
0.889446234680983 0.925195587497355
0.651044739726962 0.860318812033218
0.541857027107828 0.862626697531558
0.749396406766309 0.939526516283097
0.862855209603486 0.945927365733201
0.870436930364593 0.902552707132155
0.659229862527981 0.862225513021194
0.888844889105031 0.896192540727081
0.665955046139639 0.880927533413367
0.388465695287039 0.861450719958954
0.745966932110731 0.91465558825865
0.852452717106009 0.912216210149806
0.901630797124377 0.881030511372625
0.300956854543614 0.880492118973225
0.583951473456877 0.864347299343905
0.976006121652603 0.95222460218564
0.591471119294582 0.9841719494655
0.757426218336336 0.938223199903801
0.937170191011761 0.870309118465742
0.624506906605322 0.86265032482513
0.836041021177214 0.923987770242258
0.897003370407075 0.93074205506167
0.828077108231909 0.885929864546976
0.931070345255818 0.934271940438146
0.918033018911527 0.949088520847688
0.910556410984141 0.906611836026307
0.784380491537606 0.865874161015937
0.944578048979644 0.968684057886138
0.831986775144616 0.871380043416287
0.850342708500433 0.964010639439635
0.921962481149156 0.909543368303829
0.156022513710518 0.904633764842038
0.731805070664607 0.926320298017265
0.554257240927512 0.945545961709359
0.875586015537081 0.872320108575752
0.716119614948732 0.933184360951538
0.635265001151415 0.924255087064065
0.973436572813738 0.871553808679268
0.870528735742202 0.869951122496735
0.950552238405144 0.931829562109761
0.883579407223648 0.91475708802142
0.719154523748557 0.879323274954439
0.863007473326276 0.896723526068849
0.802929625129674 0.915168503619484
0.898627345007547 0.87952737477279
0.905867858676744 0.939880802919791
0.901258859901181 0.890893886408047
0.65683953163311 0.938317093071123
0.942300717901043 0.88398136400635
0.0884799587007117 0.904781573986289
0.774528211597337 0.86110845643473
0.94073141444546 0.906268791338517
0.941714923996984 0.86415034246589
0.928695024283522 0.882173489317546
0.913145619458317 0.96802629983305
0.225332063822118 0.861453404650895
0.789371499932836 0.908342174968327
0.326889257693039 0.899277226417189
0.625459018722708 0.92813158467798
0.82315124409852 0.935837667835834
0.772427848481867 0.955164218638947
0.850749577412541 0.86482158231211
0.891306075644768 0.968039028406095
0.876090893825749 0.904076736967954
0.959848644716906 0.903609179893751
0.887386919718176 0.921324746848105
0.615860081389807 0.908077667060677
0.719497780198183 0.859099064819162
0.922104489682831 0.92461325039884
0.748182538384342 0.951712059351494
0.528597189768692 0.876306331050165
0.889921025605809 0.908272462937824
0.776392625140443 0.86570753777069
0.808890365389152 0.881645550371792
0.811700058311853 0.906429603034548
0.840731618080176 0.974438665819733
0.711780478512047 0.952991565025724
0.618202303939768 0.869845556978454
0.929254433535629 0.936310605781733
0.784558627632724 0.898069899250201
0.877915538090407 0.937759904195766
0.830102942966072 0.984420591301974
0.941451948796896 0.891976416845804
0.864795673928369 0.85968416213706
0.734212632899279 0.963128815494476
0.692932457347754 0.897134315842784
0.605556302189486 0.872861321250507
0.652908929895601 0.884095084600049
0.962706700525329 0.895304033503342
0.498429714841925 0.86171294699277
0.776256173103224 0.894820910411405
0.599620083578912 0.942559846346502
0.778702675744369 0.975800318718324
0.850784666523013 0.917707029119888
0.747396197704974 0.889904661483653
0.826054935971871 0.924637365928681
0.742262703516525 0.897897656872241
0.756377717535407 0.886856731379756
0.957648629995497 0.94389176825436
0.464513703656541 0.871297886093553
0.929616709812893 0.907371757051918
0.970316284521061 0.888969213122664
0.967741462438918 0.976644841883693
0.137461409394726 0.921937064174666
0.862621278348865 0.875454380445708
0.665632513430285 0.895626425228514
0.882010119074867 0.973256238224994
0.705828995291063 0.868591549962877
0.326926351748298 0.870043585083477
0.553523426135744 0.958709793669941
0.599331589293719 0.898558962605069
0.743491834661629 0.90010144599287
0.933585406435647 0.876319176473212
0.941508599231224 0.987400329427885
0.873088461923204 0.883929899827562
0.920070024334809 0.9162499224327
0.77811765760839 0.957441752715515
0.672852150705864 0.88713392997424
0.908382319858225 0.871343386386598
0.785483685309273 0.965845703021309
0.915170354576858 0.892374193402884
0.542485639579692 0.955189939153526
0.838640746587847 0.923674418429128
0.241692885862581 0.879723230466794
0.653853950135723 0.864413074856288
0.465383030422166 0.915393342542438
0.906692720544841 0.926165371067811
0.737769685381576 0.965381530086728
0.947648096876725 0.885657223695926
0.943247541316409 0.95171790857312
0.525047468933321 0.882705871489216
0.783550584034416 0.889787998496174
0.930200609882841 0.868876280330474
0.829812492121662 0.961643510749679
0.942035361986213 0.966623073371328
0.724479658499802 0.953364326886136
0.984029879674233 0.91312621140877
0.915515957524858 0.917953015748289
0.947547205019363 0.97375745508191
0.752805836589303 0.896355848577448
0.732831568700475 0.994157615254743
0.929292461042729 0.871534211438029
0.144242064791763 0.950922112103864
0.609884185861928 0.958721886508829
0.226091862799887 0.918976757757669
0.913939370006109 0.864940458374732
0.703180685200386 0.873129297378635
0.907634024525356 0.972784270746006
0.381972349781905 0.864043215166492
0.0890196192535902 0.931282969198847
0.825855781206341 0.956658372728247
0.457261121724107 0.946332972474355
0.822336524680384 0.917264542232315
0.598421290143979 0.884708467531898
0.779279284893268 0.994222331777563
0.584122073718753 0.866330330972098
0.835066746189022 0.899553575283896
0.726231084933329 0.888100954607929
0.625680101038356 0.889197825777652
0.419279871642032 0.890233293841484
0.925170592381435 0.955333222283452
0.921083151152126 0.934507448122175
0.310921536761523 0.925771642755539
0.848180292209013 0.912116332727631
0.70336119883248 0.874993121101476
0.95134446283754 0.903667569359776
0.90167164811027 0.932386722321079
0.547824591605323 0.867328667155429
0.86539266305592 0.921981273650001
0.850653044419364 0.977377540128496
0.832571171644639 0.920398481107691
0.781906976669101 0.861230775725826
0.921811854291623 0.88722979878536
0.906618933722316 0.991321912279447
0.691532215294904 0.928779119796751
0.715764849094547 0.891706528783498
0.794243676960073 0.899533279594229
0.934080544294589 0.880267265227662
0.830128768615396 0.931745076679916
0.891530499727142 0.908405634591506
0.260456333757135 0.979737752411355
0.348441458457157 0.891157859188473
0.888563807667535 0.909627306226079
0.877152779022621 0.896802312543447
0.732557064419771 0.857925046439586
0.760533581519331 0.864931706788604
0.894371586365889 0.943310105558726
0.882873264591356 0.981913544918033
0.922654290750928 0.866378148624079
0.925520287968338 0.904188436203738
0.852912301363082 0.865155586955948
0.513191238282921 0.960371582740565
0.871449918876279 0.878037219180929
0.87209465446182 0.96488656985084
0.904913069506907 0.943205008114404
0.782969944557027 0.991654020856321
0.729378394772782 0.960934537760126
0.806578259085741 0.904639213111508
0.667567724893368 0.929623473081911
0.806833827506276 0.902044610825662
0.686263148527073 0.903032419749222
0.89627221274715 0.911050832076764
0.956638489461332 0.879424429814332
0.743604343499826 0.926777177333395
0.876075763909878 0.995421906581321
0.571355217865185 0.908361597442345
0.907839074895546 0.970631593918988
0.528673000557502 0.918276787905494
0.935399697730537 0.971114615210693
0.761396648783032 0.956941008320583
0.456011279744119 0.983572559503615
0.342695744518631 0.946897341014783
0.628218120626486 0.973597139498156
0.86582164621139 0.860387421767022
0.769777460192225 0.873129297378635
0.858427713689702 0.88308079773884
0.924563059752373 0.889551470794435
0.734936848338402 0.865693297002432
0.688192142932712 0.894090847993764
0.651535453410905 0.93322097109973
0.867522111907257 0.886202909342228
0.698228184216996 0.86184760228489
0.715208438028865 0.95013874469404
0.662607057490364 0.958577995434017
0.854101793574764 0.941617511533049
0.857631657470661 0.961577150902074
0.615594404679898 0.905556983514307
0.705626664335799 0.945376802081128
0.759093827936806 0.976980466927486
0.627234524464468 0.904836363000945
0.945943096025353 0.880233753942325
0.84535495882719 0.972907478328922
0.716119614948732 0.91009360108452
0.967994901280349 0.917636630075098
0.663938591349931 0.860438010096958
0.77722799145237 0.940924944800995
0.83470002492931 0.978611192736001
0.876143957493202 0.922454557089807
0.0923213667084607 0.901644722278278
0.937146717250431 0.880549539532733
0.982127556214699 0.967996863122855
0.0981885613949611 0.972643937735814
0.8584491277982 0.862915136897371
0.745308616439428 0.923473541721926
0.979195637987165 0.969916843221322
0.9725967590091 0.939743160881958
0.680999258052051 0.881519667384116
0.833836650973548 0.900645494634913
0.46349855570194 0.902142618128724
0.874424506657298 0.966472190976971
0.402566731358577 0.86255947314843
0.738006672337897 0.907767141338987
0.922458950447852 0.917218774399787
0.498642487409583 0.923266950347353
0.840652369166819 0.953335339574704
0.680343631772143 0.859479051959189
0.911029434999199 0.965589708732075
0.864105562870377 0.941354591515146
0.839712920079515 0.896238385662983
0.299043544072215 0.921940563033839
0.516766146599739 0.89682020683024
0.301978034986489 0.863867689303804
0.942096271956527 0.878319165208639
0.927745684869508 0.871819325224508
0.907098442595889 0.882957191341299
0.459250506846518 0.951714425596993
0.67339707791259 0.900103354934596
0.748057960868248 0.938666993087209
0.89559479262283 0.874940390574432
0.920767139051425 0.883107063768527
0.232478292379786 0.8732218979727
0.906054201320925 0.937477002358478
0.934601869835052 0.936366348555713
0.947733415304092 0.893004346611048
0.583688204856299 0.973233413761957
0.610354592206238 0.928643523365213
0.869499306092629 0.89065635805747
0.645399320563885 0.910268372859903
0.720798945303672 0.982715958175054
0.627334877276484 0.949842839815281
0.893766957502095 0.884004390603344
0.864706941914201 0.930396470032114
0.651803272568364 0.925514965383222
0.884590349110594 0.936081482582942
0.953934820159815 0.988201814386127
0.866630127022043 0.949387609919793
0.697711273570123 0.867458611448961
0.85377879183715 0.864363946272031
0.255158009928905 0.891698380490483
0.523076508161571 0.866260055915962
0.903499246306506 0.8600550294504
0.933740458272602 0.937406021809666
0.940930705084004 0.910542826995709
0.795824157945428 0.879468238777584
0.6800630140712 0.861626712795446
0.70787526025689 0.956371981810861
0.839635411840251 0.867169111087489
0.716229070946091 0.977031485121981
0.841150857634032 0.872064544173543
0.666726246959835 0.95574746625867
0.877487046231347 0.910286984692273
0.660449303450563 0.920014266715237
0.609466756403494 0.866273276826891
0.615879506241906 0.915645210092934
0.435706815813337 0.887160314793008
0.458353167993396 0.92180306870879
0.905812143786154 0.950072981428886
0.827905717209614 0.885489016380514
0.791950597750398 0.874531309671678
0.239583479167518 0.875109352816115
0.870503456953621 0.921677336122588
0.598557138898322 0.911569558324013
0.889797770470498 0.879739315096023
0.292911782079353 0.881170167029323
0.904566521271827 0.937017085539612
0.926267242048829 0.861389933498552
0.777041663470084 0.861828741093755
0.952577088546146 0.871637122121555
0.74627955671798 0.861364229856423
0.798481579057183 0.87527459104267
0.758593629348755 0.912697445632047
0.718716783740694 0.861663828562513
0.964167579351499 0.898757885237579
0.661670798713032 0.947138819190321
0.897046189377984 0.987420647610703
0.945786874160502 0.897097606987948
0.861095780801215 0.901477987208207
0.580144753540801 0.889039060381087
0.363015035020002 0.888354065569247
0.937588923061027 0.886876241842926
0.659094025464579 0.880325358641493
0.78581807483198 0.882890802710577
0.964264318033481 0.872905214371514
0.945157162983386 0.864756183029657
0.897228485039295 0.89452605113401
0.646244307179573 0.867308537842275
0.950453070160638 0.97692557065729
0.941416574719231 0.939735350822243
0.587494126498758 0.982261473368084
0.925661505802421 0.869336373034205
0.829306315461053 0.873095076175769
0.577548667215006 0.896710338323251
0.806578259085741 0.875936963394487
0.8967742660909 0.879992865857564
